2.30264
2.30246
2.30174
2.30055
2.29133
2.27505
2.25097
2.25587
2.23683
2.17231
2.15205
2.1646
2.12773
2.11246
2.08281
2.11431
2.02739
2.10391
2.10826
2.09031
2.07155
2.01977
2.02266
1.95787
1.9967
2.02118
2.04056
1.9755
1.9285
1.96011
1.9311
1.87027
1.91585
1.84707
1.9248
1.92718
1.94147
1.81988
1.89245
1.9191
1.96478
1.81834
1.80399
1.8508
1.86008
1.70422
1.82768
1.77103
1.80979
1.79834
1.71466
1.80687
1.75073
1.79249
1.69966
1.82011
1.69376
1.89394
1.90904
1.77735
1.94131
1.77717
1.78217
1.77872
1.8091
1.78419
1.69866
1.74047
1.68759
1.81006
1.70641
1.71196
1.778
1.73943
1.73732
1.68739
1.78833
1.73913
1.69309
1.75818
1.75878
1.60745
1.61123
1.70157
1.60824
1.67649
1.66539
1.6434
1.59654
1.67473
1.61762
1.56811
1.55138
1.59919
1.65957
1.61299
1.65698
1.60033
1.6513
1.61924
1.54103
1.61282
1.72504
1.61688
1.73998
1.78882
1.67274
1.72266
1.68194
1.64722
1.58648
1.63323
1.50341
1.59439
1.50987
1.60277
1.55811
1.55817
1.59905
1.58596
1.62368
1.45562
1.56328
1.51881
1.64234
1.66722
1.64446
1.69435
1.6641
1.59368
1.73198
1.73705
1.71084
1.51831
1.64585
1.60249
1.61379
1.58523
1.55325
1.73827
1.56171
1.60058
1.52121
1.57512
1.61276
1.62187
1.57362
1.54996
1.64983
1.58467
1.503
1.45681
1.60889
1.52411
1.64053
1.64143
1.53817
1.61189
1.48391
1.72976
1.56487
1.5803
1.63458
1.54795
1.54801
1.42671
1.68815
1.58575
1.59196
1.57423
1.52569
1.61026
1.70008
1.58569
1.56523
1.52657
1.58934
1.45771
1.5521
1.67358
1.47448
1.60457
1.52211
1.57641
1.40382
1.4965
1.46233
1.59556
1.50302
1.50341
1.4897
1.5839
1.5104
1.48134
1.41833
1.60744
1.40529
1.48177
1.60905
1.43081
1.40132
1.4488
1.49586
1.41386
1.54227
1.3795
1.55529
1.55606
1.49154
1.38752
1.51743
1.53716
1.51669
1.38396
1.52491
1.70627
1.45324
1.40123
1.42942
1.52062
1.46003
1.49561
1.5685
1.4847
1.52202
1.50829
1.47901
1.42663
1.52442
1.5589
1.62392
1.43644
1.67128
1.43082
1.47032
1.65528
1.65413
1.43951
1.48912
1.43702
1.45691
1.44804
1.55918
1.55378
1.49967
1.50551
1.50477
1.49643
1.5139
1.48466
1.44242
1.56224
1.51169
1.52009
1.58151
1.56934
1.61313
1.58506
1.57189
1.39849
1.61518
1.4268
1.41957
1.44891
1.55865
1.49357
1.46559
1.46904
1.47691
1.50308
1.47781
1.4462
1.59127
1.44819
1.41654
1.51922
1.48315
1.37923
1.45104
1.4057
1.48291
1.38827
1.41358
1.38742
1.41765
1.43462
1.3187
1.356
1.3706
1.27735
1.45431
1.38896
1.42148
1.28425
1.53714
1.34179
1.43805
1.35333
1.34973
1.38871
1.56995
1.54581
1.38842
1.44733
1.51695
1.42923
1.42862
1.47405
1.34963
1.36892
1.44441
1.50399
1.49231
1.36094
1.47908
1.58863
1.25825
1.37278
1.38768
1.49826
1.39614
1.41555
1.42242
1.64376
1.46712
1.54664
1.60925
1.38646
1.32578
1.48042
1.33236
1.43517
1.39399
1.41396
1.49341
1.46908
1.43484
1.3409
1.34105
1.41835
1.41085
1.51448
1.40828
1.38749
1.47512
1.31808
1.3425
1.32423
1.34752
1.30383
1.48419
1.3663
1.37165
1.35131
1.41952
1.55138
1.36493
1.50637
1.24515
1.50626
1.25738
1.35971
1.33802
1.38927
1.41082
1.39147
1.46261
1.45799
1.46294
1.28913
1.42241
1.36298
1.42005
1.29255
1.47289
1.45595
1.40423
1.32582
1.48726
1.3705
1.34143
1.22055
1.54513
1.37053
1.34467
1.29792
1.31548
1.38231
1.39742
1.39687
1.41206
1.33264
1.28365
1.51622
1.38003
1.33743
1.35862
1.24527
1.36043
1.32801
1.30255
1.29452
1.41588
1.36998
1.38826
1.34493
1.39535
1.28498
1.43138
1.36444
1.56596
1.44519
1.30694
1.32998
1.44023
1.42604
1.30307
1.41259
1.4684
1.43007
1.40516
1.41947
1.3049
1.31112
1.32925
1.49227
1.34807
1.27907
1.33911
1.29196
1.41763
1.44515
1.39701
1.34546
1.32991
1.36213
1.29203
1.34667
1.51426
1.3087
1.31993
1.44211
1.33309
1.39314
1.46326
1.43128
1.51044
1.24826
1.46164
1.4729
1.32704
1.41002
1.39534
1.41805
1.38151
1.39338
1.30272
1.24388
1.45866
1.34339
1.34406
1.34352
1.40605
1.41992
1.40853
1.42604
1.28423
1.35735
1.3328
1.40369
1.34781
1.26041
1.29331
1.37484
1.41885
1.44719
1.23536
1.34404
1.42615
1.34877
1.26835
1.21566
1.30917
1.21198
1.18948
1.38169
1.26217
1.40422
1.05367
1.50772
1.33411
1.27644
1.16936
1.2594
1.31807
1.41062
1.37903
1.35694
1.28957
1.38465
1.33592
1.23962
1.38783
1.23097
1.31657
1.19083
1.37822
1.24421
1.36309
1.30721
1.31455
1.26199
1.27074
1.41545
1.38218
1.42856
1.27671
1.30279
1.4325
1.39744
1.38106
1.53708
1.46565
1.37408
1.29925
1.22547
1.2341
1.32109
1.449
1.26991
1.37871
1.38977
1.2361
1.21468
1.42286
1.3563
1.30349
1.22222
1.2758
1.42111
1.29533
1.25707
1.18096
1.34995
1.19034
1.31482
1.35581
1.23605
1.3094
1.34164
1.47249
1.23509
1.39947
1.23619
1.37493
1.31776
1.23565
1.25728
1.35455
1.36794
1.26651
1.39
1.37859
1.40597
1.37596
1.32401
1.27515
1.29648
1.16933
1.42145
1.22908
1.2963
1.32088
1.2263
1.2299
1.22874
1.1843
1.30073
1.22648
1.21649
1.27604
1.26424
1.18269
1.33451
1.34901
1.17826
1.27905
1.32648
1.39923
1.23525
1.24139
1.21402
1.17789
1.28303
1.06369
1.20224
1.22353
1.3125
1.14992
1.26878
1.09155
1.30752
1.21918
1.21729
1.31687
1.52437
1.26191
1.26215
1.20955
1.30434
1.263
1.29272
1.28509
1.20984
1.2219
1.26049
1.26628
1.30626
1.13024
1.19928
1.418
1.27397
1.24975
1.18675
1.19407
1.30282
1.40015
1.24018
1.2796
1.19082
1.23229
1.21942
1.27021
1.33384
1.30409
1.20447
1.28886
1.18164
1.21737
1.44558
1.27199
1.29747
1.16287
1.27598
1.3948
1.23428
1.34632
1.3576
1.27011
1.41788
1.29539
1.23414
1.05536
1.35471
1.21314
1.3106
1.26422
1.2361
1.35448
1.25447
1.29848
1.18015
1.24307
1.34421
1.25392
1.24295
1.36343
1.19146
1.15974
1.42502
1.3024
1.27193
1.18117
1.26005
1.29196
1.2019
1.13907
1.18914
1.11011
1.12197
1.18635
1.27268
1.21257
1.08078
1.15192
1.28951
1.22593
1.16249
1.17166
1.12127
1.21951
1.25688
1.31989
1.30968
1.23956
1.26413
1.13889
1.32752
1.12693
1.263
0.973599
1.32455
1.15393
1.26293
1.27245
1.25144
1.25641
1.09203
1.21864
1.34382
1.28411
1.31816
1.32059
1.20671
1.41483
1.41826
1.34815
1.29341
1.41334
1.13713
1.21348
1.24149
1.17546
1.3225
1.15383
1.18367
1.22519
1.25964
1.0677
1.13661
1.24474
1.21526
1.19534
1.18863
1.31558
1.22719
1.14412
1.09142
1.2747
1.0735
1.20188
1.3476
1.09135
1.3216
1.33032
1.39463
1.32016
1.28699
1.23459
1.26583
1.31031
1.18611
1.24924
1.3038
1.21006
1.18046
1.27639
1.336
1.24901
1.16134
1.3128
1.17063
1.27119
1.08701
1.28898
1.2511
1.19842
1.21794
1.17497
1.2361
1.09766
1.07874
1.1973
1.28278
1.11213
1.03932
1.16762
1.1781
1.23363
1.17049
1.14709
1.23856
1.14476
1.23914
1.30363
1.12426
1.1661
1.15831
1.21124
1.08495
1.06795
1.16216
1.21384
1.22408
1.13946
1.01055
1.21504
1.17846
1.18036
1.19845
1.51151
1.3846
1.26038
1.25155
1.04624
1.20255
1.3169
1.28737
1.30966
1.10385
1.17921
1.27278
1.21931
1.12077
1.23299
1.24262
1.31974
1.12144
1.15222
1.15575
1.07474
1.33435
1.3746
1.16913
1.19855
1.13154
1.14549
1.18906
1.15976
1.30285
1.18129
1.21097
1.14233
1.1826
1.42796
1.24916
1.27685
1.18519
1.19097
1.1861
1.26617
1.20729
1.22717
1.2386
1.28882
1.18937
1.31642
1.17955
1.15963
1.10216
1.31857
1.11571
1.20439
1.26598
1.17366
1.2576
1.15154
1.14208
1.30818
1.20012
1.17213
1.23571
1.12703
1.23936
1.18138
1.21305
1.3557
1.2252
1.17859
1.19244
1.27966
1.23345
1.14813
1.0536
1.05298
1.21179
1.22311
1.09068
1.1719
1.19709
1.24415
1.16792
1.08212
1.03995
1.10084
1.08353
1.36507
1.25329
1.16313
1.16924
1.23787
1.23764
1.23751
1.1864
1.0496
1.12689
1.13398
1.12663
1.1053
1.10117
1.26303
1.28775
1.08079
1.14302
1.20348
1.3374
1.20851
1.25073
1.171
1.23936
1.36067
1.284
1.36541
1.29929
1.15461
1.14141
1.09745
1.13242
1.20792
1.15374
1.15357
1.24178
1.16296
1.01115
1.14
1.13189
1.15794
1.23033
1.06868
1.23749
1.21325
1.08203
1.22099
1.14953
1.03821
1.09578
1.26364
1.02658
1.18034
1.21543
1.15588
1.24033
1.16204
1.21848
1.08096
1.22456
1.0998
1.06523
1.18033
1.17029
1.24804
1.22852
1.29706
1.12137
1.19131
1.11701
1.17927
1.1342
1.13471
1.03902
1.10326
1.17048
1.26377
1.09585
1.14372
1.17795
1.11805
0.977729
1.22239
1.20909
0.980736
1.11203
1.10736
1.09981
1.16928
1.21601
1.1682
1.21877
1.03512
1.29543
1.12285
1.09205
1.14781
1.1302
1.10111
1.08081
1.05158
0.98424
1.24761
1.15187
1.08609
1.06541
1.1803
0.998805
1.07067
1.26954
1.38514
1.22013
1.06037
1.12105
1.07595
1.20816
1.16894
1.1804
1.15339
1.10808
1.1357
1.19691
1.1008
1.13517
1.25208
1.20193
1.04719
1.07122
1.21094
1.06676
1.15642
1.37038
1.15694
1.1963
1.06895
1.08859
1.13257
1.21115
1.18475
1.09531
1.09454
1.17579
1.09379
1.18749
1.27926
1.1691
1.20458
1.11715
1.18385
1.21996
1.13253
1.11936
1.21424
1.18193
1.0888
1.22916
1.09328
1.08409
1.13775
1.16928
1.08425
1.12112
1.28396
1.20703
1.11218
1.10862
1.13128
1.24062
1.22646
1.08517
1.10218
1.21783
1.12481
1.14665
1.21623
1.26871
1.1687
1.19288
1.14553
1.17346
1.08192
1.04879
1.21626
1.0129
1.16487
1.20532
1.02795
1.21783
0.99549
1.29293
1.09341
1.13819
1.01144
1.08574
1.01179
1.25553
1.26592
1.05581
1.154
1.18914
1.12503
1.1553
1.25061
0.979824
1.18448
0.994173
1.10031
1.11925
1.06081
1.1477
1.16123
1.07461
1.06658
1.25986
1.11725
1.19857
1.14032
1.18868
1.15503
1.21549
1.30947
1.23772
1.19091
1.25233
1.01215
1.05474
1.02998
1.21489
1.19391
1.06226
1.20652
1.18606
0.983685
1.11226
1.14974
1.1557
1.09589
1.06404
1.1287
1.16796
1.12142
1.1969
0.992913
1.06968
1.06041
1.26909
1.07376
1.00344
1.12133
1.09895
1.237
1.08295
1.18114
1.03717
1.16727
1.15147
1.09219
1.07559
1.13762
1.2592
1.06937
1.20484
1.09175
1.1997
1.14689
1.10579
1.09614
1.15215
0.978147
1.1577
1.00622
1.1645
1.09954
1.00404
1.13082
1.04584
1.00781
1.17764
1.20971
1.02441
1.06822
1.05828
1.08488
1.13254
1.14793
1.08773
1.09565
1.10216
1.15411
1.18115
1.13429
1.17165
1.07912
1.1184
0.994489
0.956193
1.05315
1.18933
1.09072
1.11967
1.0243
1.23603
1.11782
1.03583
1.10591
1.40031
1.18347
1.11684
1.15024
1.03989
1.09564
1.18844
1.29155
1.14203
1.15432
1.12577
1.2255
1.12
1.27624
1.16677
1.181
1.27199
1.09244
1.17904
1.05223
1.26197
1.34295
1.24277
1.18541
1.24597
1.17586
1.02681
1.11899
1.19743
1.23676
1.13122
1.30212
1.20767
1.04743
1.35314
1.20352
1.20814
0.986987
1.12709
1.14402
1.02724
1.1776
1.20856
1.10557
1.171
1.16055
1.21213
1.01825
1.14865
1.1681
1.13268
1.10713
1.10867
1.2196
1.05111
1.14537
1.06484
1.17717
1.13873
1.08961
1.1147
1.20213
1.16921
1.04806
1.23675
1.18942
1.09818
1.0926
1.08635
1.15035
1.17388
1.01106
1.03763
0.994869
1.04217
1.06556
1.11653
1.21235
1.00498
1.12422
1.07192
1.1298
0.927772
1.03358
1.05556
1.11655
1.25076
1.05587
1.02039
1.16137
1.11666
1.04227
1.10522
1.01116
1.12077
0.990015
1.16274
0.919641
1.06872
1.03684
1.1583
1.08637
1.01319
1.07267
1.16737
1.16575
1.10332
1.12178
1.05503
1.29978
1.17352
1.19062
1.16297
1.3889
0.893318
1.06271
1.07332
1.05991
1.16524
1.01782
1.05167
1.10641
1.03755
0.982044
1.10518
1.07177
1.13996
1.07515
1.04449
1.21689
1.11996
1.11628
0.979677
1.10781
1.02293
1.15628
1.12972
0.888261
1.13333
0.992619
1.1301
1.14922
1.08738
1.11381
1.10265
1.10712
1.0438
1.09164
1.05792
1.19152
1.11928
1.06405
1.09672
1.15153
1.03016
1.10829
1.07359
1.15274
0.895032
1.01804
1.05737
1.07868
1.12383
1.03772
1.0412
0.975218
0.952649
1.09151
1.11569
1.00814
0.959137
0.996335
1.02738
1.15736
1.08565
1.074
1.13553
1.06585
1.03318
1.21331
1.09865
1.05049
1.07903
1.15594
1.03619
0.981663
1.01396
1.07963
1.15202
1.0205
1.00757
1.14096
1.10675
1.07895
0.95539
1.35814
1.27063
1.11264
1.04116
1.05696
1.0266
1.02797
1.1898
1.14653
1.1967
1.05075
1.04938
1.10571
1.10641
1.11097
0.992972
1.16154
1.00412
1.04557
1.15297
1.08661
1.13542
1.23303
1.02663
1.17232
1.08009
1.02338
1.08786
1.0965
1.19112
1.16087
1.19866
1.14382
1.13827
1.24909
1.1527
1.04871
1.11534
0.990082
1.19101
1.09593
1.0605
1.15646
1.09826
1.14397
1.02638
1.09152
1.05953
0.977657
1.04923
1.10126
1.03779
1.14112
1.14451
1.03185
1.04178
1.04794
1.03807
1.17661
1.04999
1.10013
1.1001
1.05736
0.984729
1.10065
1.07648
1.13377
1.06465
1.09242
1.19887
1.15153
1.04026
1.08164
0.948647
1.00315
1.03037
1.04451
1.03459
0.990846
1.13632
1.13897
1.06696
0.938173
0.96829
0.99824
1.04704
1.24096
1.16332
1.05439
1.00631
1.09365
1.02703
1.10253
1.01933
1.02214
1.04431
0.991393
0.95086
1.00289
0.96203
1.11763
1.08287
1.07242
0.94285
1.03782
1.13536
1.00832
1.02214
1.04281
1.02298
1.09274
1.20169
1.26686
1.15008
0.901913
0.987648
0.962152
1.05431
1.14892
1.02962
1.04251
1.06471
1.05858
0.938644
1.06359
1.14506
1.12235
1.04072
1.04382
1.07871
1.14372
1.04278
1.0529
1.07431
0.954181
1.0055
1.14731
0.921095
1.04383
1.10957
1.00449
1.09281
1.00076
1.10959
1.01045
1.0309
0.919834
1.05044
1.01296
1.08784
1.11206
1.03583
1.15326
1.00413
1.05637
1.02513
1.12892
1.11651
0.949453
0.982028
0.923657
0.987716
1.18006
0.989441
0.94078
1.03124
0.978013
0.885796
1.12373
0.977882
0.954455
0.958184
0.98052
1.04253
1.11824
1.06142
0.995141
1.06178
0.992474
1.21076
1.06801
1.02621
1.02793
0.980113
1.05623
0.958726
0.918635
0.981216
1.18703
1.05747
0.984055
1.09771
1.08411
0.929897
1.0445
1.22535
1.2336
1.19926
0.984789
1.07708
1.1078
1.06694
1.08853
1.07025
1.15091
1.02242
1.01998
1.10792
1.0748
1.14866
1.06117
1.12726
0.969164
0.919944
1.15478
1.03528
1.08861
1.30039
0.960276
1.1235
0.998897
1.01509
1.05485
1.09282
1.20092
1.04143
1.06884
1.15433
1.07694
0.944731
1.17153
1.03481
1.16209
0.929623
1.09636
1.09447
0.968049
1.06533
1.12366
1.03874
0.9146
1.0555
1.08805
1.02176
1.02821
1.11273
1.01045
1.08571
1.18355
1.07348
1.01097
1.07558
0.919238
1.11566
1.05023
1.0771
1.06705
1.12025
1.00978
1.02956
1.02986
1.20172
1.04546
1.01068
1.05965
1.10239
0.991465
0.967044
1.11848
0.895552
0.969766
0.992282
0.963107
1.07662
0.872449
1.14168
1.05278
0.948636
0.874409
0.959538
0.949791
1.14096
1.19158
0.974531
1.04942
1.07112
0.952838
1.06483
1.09661
0.904917
1.14198
0.906298
0.965444
0.96209
0.990311
1.00699
1.07234
0.978193
0.897669
1.08755
1.02455
1.02631
1.0554
1.006
0.931455
1.0906
1.12194
1.16112
1.0961
0.990762
0.93063
0.951907
0.975298
1.23921
1.10162
1.00947
1.02476
1.02837
0.987045
1.06987
1.13162
0.970935
1.09042
1.01969
1.01803
1.10796
1.0363
1.04406
0.936037
0.982249
0.994704
1.25208
1.02859
0.949481
1.0624
0.927913
1.12666
1.02478
1.08652
0.980918
1.03572
0.959639
1.04882
0.893628
1.06142
1.12009
0.981906
1.0124
0.980009
1.03332
1.0542
0.973672
1.00273
1.02308
0.918189
0.941616
0.924736
1.11609
1.07037
0.884392
1.02757
0.951779
0.919949
1.02715
1.02537
0.906991
0.975033
0.913957
0.955528
1.08775
1.01494
0.940755
1.00389
0.927286
1.07375
1.00239
1.01343
1.04066
0.885523
1.00879
0.918477
0.916776
0.982986
1.05525
1.00038
1.00843
0.888166
1.07004
0.948615
1.05381
0.968279
1.22268
1.10092
0.973367
0.973076
0.991576
0.943171
1.098
1.1083
1.12647
0.969431
1.04986
0.999109
0.929149
1.16258
1.07836
1.06601
1.20955
0.809857
0.984282
1.04106
1.0883
1.19841
0.980534
1.08088
1.03466
1.00121
0.930884
1.00484
1.0867
1.02309
0.964052
1.19191
1.04544
0.896611
1.18597
1.06183
0.995925
0.902123
0.961753
1.13292
0.901555
0.993358
1.188
1.11447
1.10983
1.01934
1.00998
0.994779
0.979838
1.04222
0.99929
1.02336
1.1209
1.07847
0.915517
1.0704
0.961961
1.09766
0.990731
1.08599
1.04432
1.1101
1.11681
0.965032
1.11245
1.0591
1.03377
1.06442
1.08563
1.11193
1.05879
0.908703
0.987532
0.918992
0.907887
1.03477
0.95164
1.01273
0.857887
1.03202
0.971785
1.08792
0.933957
0.907424
0.979229
1.05022
1.14361
1.00489
0.960597
1.07436
0.947488
0.949465
1.10695
0.939001
1.09559
0.860519
1.00697
0.914225
1.02465
0.97232
1.00943
1.06047
0.923331
0.979104
1.02858
1.01629
0.982855
1.04512
0.952693
1.1162
0.993264
1.13114
1.03045
1.21682
0.833484
0.921206
0.998525
1.02235
1.11538
0.989274
0.935762
1.01935
0.902001
1.08454
1.0399
1.05424
1.03378
1.06221
0.981418
1.01788
1.0999
1.01947
0.926034
0.987464
0.965612
1.02697
1.17624
0.931642
1.04788
0.935728
0.991162
1.0284
0.923607
1.09271
1.00815
0.981116
0.944921
0.984751
1.01028
1.08705
1.04121
0.986223
0.935745
1.07015
0.938691
1.03246
0.950983
1.05494
0.859926
0.909895
0.906806
1.1318
1.02503
0.916731
0.930729
0.972961
0.877467
1.03017
0.990636
0.911734
0.805152
0.958867
0.919696
1.0641
0.978461
0.978306
0.983872
0.953599
1.00387
1.00256
1.04094
1.00462
1.02291
1.03456
0.890769
0.864403
0.89806
1.00715
1.00335
1.06651
0.84728
1.08858
1.05772
1.03533
0.936164
1.16723
1.15036
1.06345
0.969759
0.977562
0.880457
1.00288
1.09517
1.08929
1.03928
0.997011
0.95663
0.910171
1.03273
1.04119
0.948316
1.12001
0.894875
0.98545
1.01484
1.00336
1.14087
0.997278
0.95381
1.06456
0.992757
0.944814
0.968427
0.977416
1.09701
0.975459
1.04458
0.999509
0.991264
1.08572
1.06561
0.967042
0.956227
0.918999
1.07997
0.934125
0.943991
1.05151
1.06982
1.02717
1.03929
0.948435
1.01341
0.922553
1.00233
0.993142
0.875993
1.05105
1.08328
0.951049
1.00821
0.965806
0.971409
1.0786
0.935771
1.02911
1.09152
1.11959
0.923273
1.04259
1.0338
1.13844
0.92348
1.08609
1.19428
1.119
0.969614
0.995764
0.959404
0.910613
0.960564
1.01088
0.977481
0.953043
1.01625
0.996882
1.06411
0.898922
0.97188
0.909746
1.04001
1.11835
1.07229
1.01367
1.04147
0.965228
0.937555
1.0378
0.99061
0.912477
0.884651
0.937268
0.862258
0.968389
0.839735
1.04939
1.07273
0.951773
0.922619
0.939877
1.06838
1.00857
1.02981
1.02826
0.967134
1.11112
1.09254
1.10334
1.09213
0.915486
0.917768
1.09478
0.941852
1.08957
1.00878
0.936619
1.06342
0.954508
0.914517
0.960416
1.0473
1.03675
0.997052
0.993991
1.04531
1.08366
1.01086
0.932232
1.00185
0.933013
1.00265
1.16024
0.940977
0.981466
1.05377
0.90698
1.06955
0.942773
1.04409
0.966007
0.950559
0.878809
1.02547
1.00623
1.04562
1.01075
0.973704
1.03206
1.01283
1.04658
0.969501
1.02103
1.05713
0.904484
0.931096
0.790793
0.966431
1.15595
0.859345
0.954688
0.933038
0.91802
0.816708
1.1026
0.914466
0.872978
0.878116
0.962691
0.957283
1.03793
0.943114
0.934278
1.04778
0.958471
1.07452
0.971723
0.978203
1.00638
0.97482
0.900408
0.920906
0.842324
0.916706
1.0968
1.04403
0.864573
0.975736
1.09325
0.921185
0.913637
1.09686
1.16233
1.0412
0.913879
0.943538
0.944766
0.914037
1.071
1.01769
1.08323
0.956331
0.968813
0.986184
0.948904
1.04175
0.921572
1.06419
1.00553
0.826346
0.987664
0.967179
1.04533
1.17733
0.834225
1.09215
0.962181
0.975194
0.988122
1.02798
1.13169
1.02329
1.01426
1.07397
1.00747
0.969077
1.07316
1.03031
1.069
0.863354
1.02299
0.956154
0.92898
1.00232
1.15139
0.926891
0.925552
1.04987
1.03439
0.996572
0.989734
1.09838
0.95324
0.993617
1.13835
0.96179
0.971635
0.996207
0.950262
1.07433
0.924475
1.017
0.982989
1.15121
1.03619
0.886142
1.08537
1.06775
0.993982
1.00573
1.18167
1.12848
0.939891
0.905983
1.03806
0.909884
0.964912
0.935137
0.853656
1.01885
0.933501
1.04394
1.02025
0.935632
0.850524
1.01062
0.962956
1.02237
1.13492
0.97443
0.912466
0.976815
0.881379
1.08144
1.01669
0.881093
1.00317
0.945802
0.90198
0.862135
0.874064
0.974799
0.993095
0.901666
0.869909
1.00652
1.00753
0.971578
0.973786
1.00911
0.961614
1.01962
1.10104
1.16323
1.00505
0.993419
0.921693
0.938202
0.972223
1.13111
0.994929
0.952052
0.996289
0.969062
0.913536
1.02625
1.10566
0.970664
0.982518
0.968313
1.01372
0.992274
1.02099
0.969253
0.899797
0.956048
0.977782
1.10776
0.91629
0.919755
1.05239
0.872917
1.03351
0.956695
1.03534
0.937998
1.03029
0.886312
1.00848
1.02925
1.04285
1.07797
1.02571
1.05156
0.90642
1.05641
0.955341
0.994249
0.901241
0.973495
0.94911
0.952513
0.789936
1.11393
1.00981
0.898981
0.971345
0.929875
0.791632
1.0232
1.04921
0.866175
0.962183
0.893714
0.926842
1.10004
0.960099
0.94582
1.01734
0.889242
1.07432
0.94567
0.974128
1.03427
0.921353
0.962196
0.881882
0.929862
0.897652
1.03252
1.00655
0.980907
0.894305
1.03573
0.937312
1.02329
0.993803
1.18182
1.13961
0.825807
0.917056
0.94826
0.894422
1.01542
1.01081
1.03606
0.927173
0.952687
0.964305
0.965692
1.02949
0.851971
1.01294
1.03195
0.896721
0.935568
0.946984
0.987266
1.1263
0.9073
0.999813
0.991718
0.970934
0.957209
1.0401
1.06122
1.05644
0.886421
1.12832
0.951823
0.931377
1.15174
1.0357
1.00152
0.900167
0.980088
0.975929
0.927795
0.916913
1.16973
1.0262
0.956863
0.947866
0.929371
0.959132
0.982666
1.04024
0.965293
0.949236
1.04715
1.0032
0.927634
0.995675
0.953896
1.12103
1.00277
0.976149
0.946318
1.13675
1.09356
0.878158
1.14088
1.09352
1.04797
0.929391
1.10364
1.07551
1.04317
0.854893
1.07811
0.874987
0.852864
0.990393
0.922542
0.9814
0.811022
0.974312
0.983499
1.03948
0.880499
0.961495
0.928274
1.03351
1.09668
1.02285
0.939235
0.992365
0.86486
0.975611
0.989386
0.905308
1.02642
0.891461
0.936171
0.826532
0.903507
1.00434
0.95679
0.989179
0.819285
0.984984
0.882766
1.03397
0.921592
0.921367
1.03469
1.0196
1.02366
1.07528
1.01867
1.00786
0.876649
0.887462
0.990835
0.950359
1.03776
0.999408
0.924698
1.0124
0.898163
0.968866
1.01079
1.05131
0.978551
0.96442
1.0155
0.957087
1.09306
0.906623
0.858369
0.993354
0.967323
1.03109
1.04871
0.858218
0.982629
0.905414
0.996253
1.02957
0.926172
0.993526
0.971709
0.970921
0.990747
0.982613
0.990323
1.01527
1.0657
0.953338
0.921486
1.07611
0.878304
0.965473
0.975287
1.0246
0.875061
0.907484
0.821915
1.09664
0.944661
0.99509
1.00886
0.903465
0.856803
1.07758
1.04283
0.89364
0.913532
0.912304
0.881305
1.01383
1.00574
0.945326
0.957864
1.0169
1.06395
0.949813
0.937898
1.00039
0.970835
1.05362
0.870666
0.854989
0.910572
0.966831
0.983078
1.08
0.835688
1.03577
0.996711
0.929162
1.01063
1.14882
1.06724
0.933695
0.944323
0.954558
0.921504
0.970579
1.01202
0.971087
0.946688
0.96403
0.849398
1.00463
0.908543
1.05183
0.956274
1.00268
0.944327
0.868253
0.936143
0.945414
1.04615
0.947621
0.899722
1.12018
0.965588
0.847502
1.01845
1.03257
1.07695
0.938921
1.02976
1.00019
1.02518
1.08597
1.05792
0.948602
0.896319
0.981375
1.06867
0.913194
0.903679
1.10256
1.06295
0.956605
0.972135
0.973404
0.911643
0.951967
0.996616
1.04768
0.887983
1.03962
1.15313
0.917616
1.02597
0.980288
1.02225
1.03055
0.988308
0.975769
1.19758
1.06093
0.892453
1.19377
1.05624
1.08291
0.987671
1.00492
1.10322
1.18196
0.88989
0.972635
0.92322
0.988612
0.916011
1.03787
0.979712
0.85003
0.990774
0.996564
0.988717
0.825976
0.921661
0.90625
1.04457
1.11767
0.988262
0.95375
1.01352
0.933249
0.895799
1.01444
0.907833
1.04221
0.9389
0.983316
0.824979
0.930647
0.773888
0.994132
1.02462
0.910647
0.98914
0.955531
1.01646
1.0005
0.917766
1.01687
0.978697
1.0088
1.0506
1.0948
1.01292
0.901051
0.905415
1.06297
0.943793
1.07087
0.947411
0.935529
0.987016
0.945914
0.956908
0.977656
1.04305
1.03422
0.963182
0.909681
1.03704
1.08269
0.88534
0.936481
0.90526
1.00201
0.971092
1.0771
0.878081
0.919794
1.02783
0.947449
0.961215
0.923283
0.993188
0.895503
0.942107
0.855833
1.07088
0.952382
1.02536
1.01388
0.969429
0.941445
1.10566
0.92564
0.892585
0.995008
1.007
0.86976
1.00306
0.849112
0.971709
1.11087
0.93748
1.03514
0.94619
0.907974
0.880861
1.16446
0.871676
0.907045
0.865322
0.972469
0.904963
0.993084
0.960868
0.93304
1.00785
0.970877
1.04965
0.95432
0.965072
1.02319
1.00433
0.976214
0.850448
0.830446
0.959589
1.03412
1.02202
0.878127
0.999812
1.03375
0.90265
0.905521
1.20508
1.0676
0.946721
0.920357
0.960458
0.917516
0.912556
0.906227
1.0109
1.00063
1.03272
0.828167
1.04222
0.909087
1.04917
0.88174
0.972068
0.958134
0.840393
0.959996
0.924481
1.01761
1.1128
0.888064
1.02677
0.946473
0.888005
0.949542
0.961701
1.09272
0.950715
0.961975
0.94351
1.01486
1.01431
1.07538
0.988205
1.02603
0.876553
1.05269
0.996739
0.861107
1.02754
1.09875
1.02327
0.962898
0.96955
0.963276
0.904678
1.01529
1.12144
0.962078
1.03278
1.06546
0.903507
0.999444
1.02598
0.93273
1.1149
0.973164
1.01255
0.997642
1.07786
0.916155
1.02823
1.06981
1.04044
1.04593
0.957125
1.03145
1.08811
0.93749
0.79854
0.974709
0.935476
0.911674
1.00963
0.920603
0.978208
0.87992
1.06569
0.941766
0.893086
0.844934
0.920352
0.943586
1.04058
1.12823
0.986166
0.930814
0.946058
0.830704
1.06162
0.96604
1.03137
0.965227
0.938085
0.869928
0.879316
0.932629
1.0334
0.967782
0.845316
0.923026
1.07869
1.04312
1.0026
0.963053
0.938938
0.998907
0.945082
1.01136
1.16196
0.973986
0.977534
1.03045
0.948248
0.975166
1.0573
0.994728
0.87502
0.974573
0.993071
0.923567
0.995758
1.08524
0.934177
1.02109
0.95828
0.911197
1.05643
0.912678
0.998095
0.885713
0.932094
1.01494
1.09894
0.882942
0.932003
0.980097
0.964413
1.02483
0.947883
0.963266
0.917004
0.929297
0.87564
1.04237
0.972288
0.994723
1.01418
0.984451
1.02092
0.963537
0.95062
0.933542
0.949032
0.950695
0.924684
0.941272
0.897116
0.812412
1.13655
1.0018
0.865715
1.01892
0.986501
0.802665
1.15235
0.960702
0.900973
0.923718
0.938787
0.875193
1.0436
0.968951
0.957979
0.927726
0.889878
1.06532
0.922218
0.977205
0.998946
0.899659
0.985539
0.918484
0.870702
0.849758
1.08808
0.986454
0.983621
0.938397
1.04772
0.880183
1.0259
1.06746
1.22119
1.05218
0.901387
0.892348
0.953735
0.946549
0.975273
1.01037
0.970227
0.947103
0.952672
0.936371
0.929768
0.99963
0.946755
0.898925
0.943488
0.852594
0.972193
0.989895
0.923599
1.14379
0.867877
0.931531
0.99582
0.884437
0.939947
1.06277
1.00401
0.975414
1.0065
1.05539
1.02373
0.992616
1.23864
1.13337
1.08472
0.943616
1.01987
1.07064
0.986203
0.900339
1.15802
1.04648
1.02198
0.986784
0.978798
0.901802
0.996978
1.03468
1.02781
0.986728
1.03347
1.00175
0.907778
1.075
0.970874
1.11688
1.01904
1.01621
0.958393
1.08057
0.917958
1.00492
1.16007
1.05553
1.05824
0.926879
1.02397
1.09882
0.936855
0.768831
0.978709
0.900051
0.869734
0.972819
0.822736
1.10722
0.778705
1.04452
0.92383
0.885163
0.851594
0.928616
0.89372
0.997278
1.10818
0.964909
0.978577
0.915324
0.910497
0.97471
1.00077
0.878689
1.08544
0.882494
0.941366
0.812342
0.936888
0.998183
0.926046
0.986454
0.847798
1.04349
0.841601
1.15043
0.882843
0.932766
0.970959
0.984185
1.00533
1.06188
0.99952
1.08462
0.903027
0.949478
0.980224
1.012
1.00897
0.994877
0.943787
1.03975
0.921962
0.961567
1.02531
1.02986
0.988837
0.893065
1.04245
1.0062
1.08614
0.939585
0.953445
0.93743
0.982774
1.02247
1.05702
0.882393
1.00793
0.917445
0.96005
0.976374
0.956895
0.981037
0.965571
0.90254
1.09247
0.976182
0.98397
1.00612
1.06939
0.968332
0.870836
1.08968
0.897199
0.940935
0.918123
0.997184
0.870858
0.961238
0.845298
1.09011
1.03642
0.998678
0.986682
0.892023
0.874411
1.04013
0.999774
0.896453
0.906302
0.934449
0.93736
0.98861
0.969167
0.909535
0.946157
0.998555
1.06945
0.909164
0.9548
1.07635
0.979947
1.05098
0.870445
0.884617
0.891045
0.96835
1.00962
1.05228
0.862204
1.09271
1.03879
0.910074
1.00489
1.14803
1.11891
0.982828
0.911844
0.970189
0.826237
0.995166
1.01829
0.968198
0.966406
0.954372
0.897513
0.949393
0.92443
0.982046
0.957734
0.953348
0.929655
0.82796
1.00825
0.944493
1.08823
0.805806
0.941368
1.04875
0.955894
0.848382
0.997827
1.03284
1.05712
0.9935
1.01617
0.97128
0.912428
1.17361
1.06738
1.05238
0.946519
0.97571
1.07397
0.926327
0.945546
1.0333
1.08233
1.04791
1.00635
0.984269
0.934116
0.970094
0.92933
1.05624
1.03765
0.994083
1.16596
0.919099
1.05718
0.973029
0.981417
1.0441
0.977898
1.03749
1.07018
0.933532
0.882373
1.08636
1.09636
1.00777
0.978078
0.97929
1.09276
1.07747
0.823249
0.950492
0.882421
0.865465
0.929016
0.964921
0.94241
0.882126
0.995376
0.931784
0.944468
0.832273
0.926635
0.87581
1.04241
1.08561
1.02815
0.987234
0.932355
0.872572
0.935578
1.04344
0.92375
1.04141
0.915901
1.01601
0.808446
0.952205
0.857549
0.944994
1.02751
0.899206
0.95832
0.941332
1.03901
0.997494
0.873837
0.930161
1.02959
0.977369
1.0281
1.00685
1.05945
0.905565
1.01228
0.976016
0.927846
1.0628
0.934413
0.982092
1.00246
0.932687
0.935887
0.973824
1.03344
1.04972
0.924432
0.990461
1.01654
1.18031
0.89856
0.904281
0.95068
0.992562
0.97953
1.07603
0.89544
0.95527
0.960459
1.00162
0.927186
0.964025
1.00031
0.916286
0.912937
0.862465
1.11017
0.982857
1.01373
1.02239
1.05653
0.947831
1.06123
0.920514
0.896133
0.92818
1.0097
0.915619
0.951175
0.886223
1.00257
1.15652
1.00688
1.03774
0.862347
0.875736
0.960939
1.08961
0.917836
0.883888
0.907538
0.985274
0.933359
0.935985
0.944181
0.987823
0.960143
0.960141
1.03586
0.960844
0.928507
1.02262
0.92782
0.939262
0.7847
0.922861
0.973182
1.02895
1.0607
0.881014
1.02076
1.01077
0.946921
0.896612
1.11869
1.13489
0.954768
0.875627
0.930782
0.930865
0.905162
0.931331
0.990604
0.922195
1.04116
0.858007
1.01462
0.856984
0.995935
0.917246
0.936251
0.918807
0.84348
0.962744
0.882229
0.992507
1.01352
0.847707
1.00226
0.926862
0.928073
0.970865
1.03995
1.07737
0.947854
0.99975
0.968147
0.987297
1.08815
1.09153
0.982292
0.997421
0.915802
1.08155
1.01535
0.844289
1.008
1.07619
1.00321
0.902945
1.07318
0.91097
0.924913
0.916104
1.05168
0.898684
0.989767
0.997676
0.981483
0.961047
0.941208
0.956931
1.12898
0.971275
0.978054
1.04321
0.970468
0.941679
1.0371
1.03585
1.12848
0.933371
0.980652
1.14218
1.03799
0.908687
0.864178
0.964335
0.889224
0.886231
1.0649
0.861892
0.951022
0.831841
1.00781
0.920485
0.884356
0.915587
0.87758
0.977514
1.0654
1.09002
0.952306
0.910715
0.856843
0.92467
1.07866
0.981044
1.00857
0.963151
0.990432
0.885322
0.917843
0.913363
0.986928
0.950024
0.871394
0.962433
1.09801
1.0302
0.969043
0.993435
0.982957
1.01444
0.974767
1.01296
1.10405
0.918874
1.02404
1.04757
0.994905
0.962284
1.04054
0.986959
0.935142
1.01765
0.9417
0.922687
1.00082
1.07998
0.99039
1.02469
0.946917
1.03703
1.12679
0.881919
0.986465
0.884676
0.922053
1.08244
1.10684
0.867492
0.927965
1.01456
0.897802
1.02758
0.960089
0.96492
0.952459
1.025
0.829128
1.08282
0.90082
0.992703
1.01472
0.991567
1.03647
1.10471
1.0247
0.910522
0.961702
0.981139
0.963644
0.949447
0.971704
0.878418
1.18353
1.05912
0.984133
0.996206
0.958401
0.841324
1.14918
0.969267
0.947802
0.874058
0.92856
0.907711
1.00801
0.978996
0.963477
0.962767
0.899229
1.11654
0.910264
0.951396
1.0283
0.986186
1.00525
0.916684
0.880302
0.854698
1.10817
1.08054
0.956117
0.942195
1.04789
0.915165
1.05517
1.02715
1.17892
1.10354
0.881961
0.860651
0.929777
0.894208
0.97971
0.976749
0.95853
0.978814
0.917077
1.01288
0.971634
0.969856
0.939316
0.935328
0.940928
0.8949
0.921599
0.934373
0.98369
1.07473
0.89469
0.961639
0.953942
0.895608
1.01025
1.01797
1.08937
1.00021
0.985669
1.03105
1.02977
0.9009
1.13069
1.04317
1.02747
0.948365
1.05515
0.949687
0.918711
0.959359
1.07602
1.14548
0.985441
1.06268
0.999562
0.91254
1.01155
0.985106
1.03914
1.02165
1.11853
1.04425
0.932192
1.03518
0.977157
1.11367
1.00713
1.01445
1.07757
0.937224
0.906007
0.951898
1.10336
1.04925
1.04103
0.969994
1.09573
1.05981
0.961007
0.810165
1.01423
0.864325
0.867133
1.01852
0.880746
1.08015
0.762258
1.04452
0.997148
0.921518
0.915755
0.890181
1.01188
0.996308
1.10093
0.927956
0.921957
0.903652
0.925244
1.02106
1.06408
0.888534
1.04089
0.849481
0.920291
0.862599
0.977296
0.985457
0.920969
1.00131
0.885951
1.07142
0.960873
1.14141
0.988064
0.925384
1.03588
0.994181
0.985413
1.06212
1.00034
1.05931
0.932027
0.972503
1.03636
1.06008
0.944313
1.00853
1.05661
1.10888
0.925071
1.0019
1.04492
1.06723
1.06911
0.943843
0.953014
1.07016
1.05979
0.937756
0.92339
0.993999
0.940699
1.13904
0.997472
0.824659
1.02674
0.980804
1.03088
0.976409
1.02156
0.912991
1.00017
0.901046
1.00235
0.960912
1.02447
1.05285
1.0382
1.00891
0.973024
1.07737
0.908993
0.911708
0.969323
0.970532
0.863067
1.02026
0.801988
1.07313
1.11517
0.954499
1.00378
0.893295
0.89565
1.08927
1.04085
0.894642
0.895897
0.939303
0.942041
0.957925
0.991051
0.961241
0.951995
0.98635
1.0492
0.924688
0.933354
1.04827
0.959821
1.04189
0.881005
0.924892
0.896873
0.946004
1.05555
1.01677
0.802279
1.0306
1.0202
0.964988
1.01962
1.14878
1.09057
0.942243
0.85555
0.961634
0.889433
0.957516
0.960877
0.955226
0.95234
0.941344
0.908695
0.991275
0.928082
1.00366
0.957804
0.934816
0.984044
0.788718
0.97624
0.939485
1.14454
0.836162
0.947256
0.932068
0.949385
0.929099
0.970829
1.07813
0.998092
1.02669
0.998608
0.937564
0.883185
1.12796
0.988742
1.00422
0.973392
0.939511
1.1367
0.886886
0.909557
1.00635
1.0871
1.02308
1.04385
0.993372
0.888612
0.967474
0.920383
1.06991
0.950683
1.00198
1.09021
0.911612
1.02559
0.930017
1.01278
1.08207
0.989686
1.04843
1.06986
0.929597
0.903893
1.08067
1.03002
1.12259
0.889734
1.05491
1.02664
1.04464
0.865846
0.97508
0.968998
0.875731
0.94842
1.02102
1.04477
0.821091
0.970547
0.972436
0.99389
0.827864
1.00697
1.02613
1.0366
1.02077
1.03793
0.950829
1.02371
0.939819
0.957391
1.09493
0.909792
1.0574
0.854867
1.0095
0.839894
1.03993
0.895161
1.03174
0.98037
0.95726
1.05417
0.971112
1.02037
0.984497
0.968562
0.913803
1.07859
0.977273
0.992877
1.03692
1.12318
0.959031
1.04909
1.06194
0.932193
0.968269
0.975674
0.950301
1.02132
0.971051
1.05172
1.03286
1.06711
1.09759
0.919763
1.05746
0.999297
1.04691
0.98152
0.895223
1.02041
1.0109
1.04451
1.11612
0.902209
0.955426
0.916982
1.00256
1.01432
1.01245
1.00811
0.993964
0.956389
0.848404
1.03647
1.01107
1.01011
1.02942
0.987987
0.926834
1.01384
0.95729
0.909133
0.926032
1.03075
0.819979
0.951197
0.910765
1.00347
1.15875
0.913408
1.04697
0.823357
0.916265
1.09271
1.08663
0.903744
0.825497
0.945446
0.950745
0.900056
0.944831
0.933257
1.04875
0.945078
0.942911
1.05292
0.948176
1.00039
1.01006
0.924479
0.967113
0.752327
0.955113
0.956492
1.08131
0.982694
0.852461
0.98899
1.02453
0.99587
0.94009
1.07135
1.13433
0.970643
0.858578
0.95538
0.902295
0.93444
0.930634
1.01149
0.92433
1.01365
0.87853
1.02765
0.935316
1.04385
0.900886
0.961668
1.06145
0.875605
0.982719
0.943359
0.992497
1.03788
0.973299
1.04052
0.939013
0.945006
1.01135
1.10279
1.05964
0.990645
1.06834
0.869901
1.01296
1.08617
1.08498
0.995506
0.985603
0.954687
1.15238
0.975329
0.863232
0.967257
1.11184
1.04131
1.10265
1.06873
0.906396
0.98874
0.969979
1.05099
0.976909
1.00695
1.05031
0.955608
0.996617
1.0462
0.989934
1.14089
1.02171
1.08716
1.021
0.960595
0.902638
0.993941
1.09951
1.06079
0.971694
0.986987
0.995733
1.04086
0.849044
0.951033
0.938247
0.894569
0.903037
1.07133
1.00737
1.00754
1.00435
0.974166
1.11554
1.05018
0.97247
0.961779
1.10839
1.29568
1.16878
1.08361
1.08015
0.966954
1.03515
1.13034
1.02942
1.02986
0.929546
1.05085
0.95023
0.948522
0.917962
1.03853
1.17586
0.924922
1.06928
0.946342
1.08959
1.00009
0.993956
1.06917
0.999266
0.948673
0.970967
1.0949
0.92705
0.982428
0.918078
0.950877
0.949511
0.983992
1.00835
0.870912
0.981452
0.897573
0.854635
1.01543
1.00263
0.972322
0.935677
0.961703
0.977513
1.05374
0.793345
0.971727
0.897561
0.870458
0.989194
1.13382
0.884447
0.911432
0.970603
0.917261
0.977386
0.942392
0.980415
0.918592
0.91581
0.837706
0.942563
0.932927
0.921758
0.965403
0.863748
0.932517
0.962416
0.962204
0.808143
0.894126
0.877205
0.849477
0.810928
0.88235
0.861882
1.06558
0.873947
0.850411
0.892628
0.86014
0.844152
1.06609
0.907789
0.777216
0.845339
0.832481
0.851995
0.921518
0.900085
0.958803
0.92363
0.871519
1.05571
0.857454
0.912352
0.973924
0.84229
0.908489
0.819879
0.739822
0.857518
0.956014
0.95825
0.861954
0.858776
0.98626
0.863959
0.947868
0.971183
1.0669
1.02682
0.870531
0.870839
0.846653
0.833881
0.917148
0.846715
0.937442
0.876231
0.830395
0.904336
0.907606
0.912877
0.851459
0.839368
0.884359
0.794651
0.962946
0.908042
0.853922
1.1226
0.803029
0.950151
0.884086
0.76688
0.931358
0.996626
1.00379
0.881525
0.862982
0.898649
0.908097
0.870978
1.11978
0.889059
0.996607
0.895806
0.997032
0.898238
0.802867
0.819174
0.97681
0.919929
0.816781
0.956547
0.86316
0.810888
0.959948
0.922439
0.830678
0.911668
0.937928
0.927059
0.772103
0.941153
0.855847
0.933698
0.890029
0.890242
0.94902
0.830891
0.832838
0.811555
0.875801
0.867947
0.873356
0.842057
0.926123
0.864913
0.799679
0.71703
0.93365
0.777235
0.844433
0.963004
0.811447
0.998937
0.727852
0.913304
0.855386
0.864732
0.797238
0.785917
0.945297
0.967051
1.05259
0.832564
0.901835
0.835969
0.842152
1.01993
0.924481
0.814742
0.939019
0.820115
0.837647
0.903449
0.885905
0.954298
0.909633
0.909016
0.866577
0.970095
0.889333
1.03173
0.831154
0.928109
0.957037
0.893741
0.866409
0.973259
0.839476
0.914081
0.798882
0.891467
0.877521
0.959009
0.905618
0.855281
0.84012
0.930925
0.782428
0.932176
1.01384
0.938106
0.950483
0.917715
0.908604
1.05982
0.916972
0.872957
0.805102
0.884765
0.840324
1.13622
0.873328
0.82159
0.913412
0.899618
1.00892
0.834445
0.965328
0.82193
0.890064
0.874493
0.879142
0.911471
0.915241
0.971273
0.853617
0.867774
0.849072
0.979328
0.860286
0.84443
0.885381
0.855768
0.736257
0.872588
0.758945
0.98568
0.979586
0.786134
0.841214
0.79226
0.874919
0.942531
0.915677
0.787547
0.859472
0.833993
0.837579
0.915679
0.844644
0.902172
0.895036
0.848821
0.983956
0.911938
0.844353
1.05084
0.838306
0.928264
0.812769
0.7504
0.844906
0.868972
0.973331
0.938777
0.766018
0.99227
0.894092
0.853202
0.857877
1.10678
0.949239
0.907821
0.806091
0.830628
0.817412
0.902417
0.874186
0.866796
0.82667
0.897109
0.8902
0.838373
0.850218
0.848146
0.87919
0.87636
0.802596
0.821331
0.941095
0.893909
1.01836
0.828864
0.905653
0.864722
0.820449
0.835182
0.910655
1.0244
0.883278
0.880243
0.91614
0.871163
0.835716
1.0326
0.911434
0.918143
0.886548
0.841418
1.02555
0.745387
0.842926
0.91139
0.947013
0.856388
0.904388
0.912317
0.790706
0.893286
0.847312
0.901826
0.822477
0.885882
0.950722
0.813793
0.947259
0.830317
0.928659
0.876041
0.768292
0.979238
0.881101
0.812558
0.802891
0.91939
0.865617
0.890365
0.834917
0.88592
0.892671
0.882716
0.720484
0.854119
0.838518
0.791816
0.817684
0.932694
0.934367
0.747723
0.897693
0.791486
0.887446
0.784929
0.782136
0.893679
0.932312
1.02429
0.862623
0.852821
0.923915
0.825465
0.913525
0.935654
0.83113
0.990807
0.774103
0.888805
0.81562
0.927092
0.869713
0.922378
0.955792
0.859462
0.920288
0.88583
0.966174
0.87369
0.877352
0.85421
0.94449
0.845582
0.947216
0.842694
0.983503
0.769827
0.852533
0.976671
0.889021
0.861554
0.881746
0.784565
0.963147
0.807086
0.856861
0.970742
0.93348
1.03507
0.852365
0.952124
0.967974
1.00285
0.857191
0.822317
0.911424
0.839582
0.970976
1.00966
0.799989
0.969821
0.855281
0.933252
0.837343
0.890807
0.944534
0.861526
0.891605
0.853348
0.953514
0.902223
0.938063
0.872146
0.835859
0.784
1.00924
0.850355
0.830592
0.882229
0.902205
0.712559
0.819604
0.830475
0.929018
1.01838
0.822792
0.84453
0.72075
0.830504
0.957663
0.964956
0.807177
0.744449
0.827049
0.833731
0.879664
0.871862
0.803754
0.958326
0.875235
0.904363
0.94127
0.837285
0.923063
0.94058
0.890881
0.861224
0.713064
0.845711
0.856684
0.932925
0.967448
0.761367
0.930093
0.907527
0.94639
0.788593
0.998862
1.03441
0.906977
0.810594
0.865773
0.759335
0.856155
0.867055
0.839405
0.8499
0.910993
0.835275
0.891733
0.862638
0.889366
0.824027
0.855434
0.863305
0.825576
0.965117
0.853978
0.906254
0.962641
0.836279
0.903561
0.818142
0.738818
0.927108
0.914638
0.966446
0.911432
0.883252
0.867395
0.877631
0.986981
0.961763
0.83556
0.918765
0.817076
0.99387
0.835668
0.801337
0.88947
0.95282
0.842449
0.931477
0.925518
0.862387
0.795564
0.915061
0.922015
0.863227
0.93933
0.905043
0.835588
0.814719
0.936172
0.856398
0.90917
0.812262
0.964615
0.830937
0.820402
0.811346
0.944204
0.859225
0.900216
0.874466
0.86302
0.963596
0.871529
0.699862
0.857246
0.851784
0.81135
0.855794
0.942338
0.868257
0.83141
0.85799
0.833032
0.891073
0.758028
0.745985
0.841976
0.930456
1.05681
0.904726
0.914652
0.835991
0.819328
0.912262
0.984182
0.816357
0.912945
0.839456
0.858425
0.820526
0.88898
0.853661
0.878931
0.949956
0.891076
0.946082
0.853777
0.957464
0.886864
0.87164
0.885231
0.907397
0.871096
0.871995
1.00472
0.792175
0.832056
0.850666
0.909482
0.898562
0.885353
0.902111
0.83745
0.872858
0.855003
0.789118
0.912377
1.03473
1.00943
0.858577
0.95054
0.915133
1.05349
0.794989
0.865488
0.884479
0.787324
0.968933
1.07648
0.780265
0.889689
0.955875
0.822218
0.933166
0.866164
0.972873
0.847296
0.894391
0.756956
0.90834
0.903874
0.895312
0.892772
0.808628
0.865621
0.940984
0.891492
0.781516
0.910032
0.895249
0.797533
0.745055
0.831849
0.848878
1.07975
0.811048
0.832535
0.811824
0.852195
0.820196
1.06486
0.85095
0.727132
0.876957
0.82816
0.836023
0.878118
0.843901
0.902485
0.907759
0.859583
1.04789
0.839055
0.863727
0.942891
0.835353
0.891623
0.776814
0.733902
0.822317
0.941625
0.968324
0.83762
0.813726
0.960223
0.820592
0.914718
0.962296
1.03864
0.981601
0.795674
0.838834
0.856275
0.807092
0.867127
0.800668
0.890748
0.899069
0.849035
0.883181
0.830706
0.885071
0.867561
0.856158
0.866381
0.78464
0.968659
0.845108
0.864869
1.04806
0.803265
0.942641
0.783368
0.788174
0.890881
0.913124
0.971401
0.880667
0.865442
0.918472
0.913123
0.859651
1.05112
0.831764
0.933486
0.884269
0.914531
0.86729
0.764402
0.869035
0.948225
0.872418
0.799241
0.92316
0.873003
0.811341
0.978167
0.93924
0.81889
0.878573
0.933841
0.84711
0.796589
0.884177
0.853961
0.908754
0.845756
0.859075
0.925072
0.848972
0.824907
0.809139
0.89714
0.894796
0.937013
0.821003
0.941441
0.8764
0.756389
0.75777
0.942115
0.785953
0.780213
0.915346
0.828472
0.942511
0.763825
0.882408
0.926869
0.830843
0.778073
0.774399
0.921106
0.942293
1.04039
0.832056
0.863605
0.788742
0.809464
0.992015
0.943691
0.743909
0.981952
0.812331
0.796494
0.860254
0.897442
0.949217
0.909771
0.868423
0.882915
0.95833
0.894171
0.926714
0.853868
0.896472
0.93066
0.872261
0.870312
0.981594
0.827214
0.884337
0.839921
0.863554
0.876662
0.923253
0.852378
0.868025
0.839246
0.921263
0.749528
0.926233
1.02674
0.891059
0.936732
0.891829
0.880971
1.0865
0.868413
0.834518
0.796241
0.844779
0.854065
1.13531
0.861408
0.802135
0.901773
0.856695
0.968083
0.889862
0.968773
0.835241
0.865274
0.820272
0.860527
0.885199
0.924444
0.942196
0.832973
0.874632
0.850767
0.91973
0.86174
0.806158
0.899162
0.831503
0.760678
0.869918
0.788703
0.981878
0.972031
0.801723
0.856433
0.810944
0.826701
0.927771
0.928783
0.779679
0.849776
0.796029
0.776312
0.91147
0.867395
0.917555
0.923067
0.827526
0.958255
0.884077
0.827893
1.03838
0.810194
0.873489
0.787569
0.754863
0.81443
0.888824
0.94588
0.942916
0.747473
1.00345
0.832309
0.908124
0.808092
1.05583
0.972358
0.856893
0.79357
0.828143
0.780777
0.927639
0.849701
0.852787
0.811404
0.905567
0.838459
0.839509
0.912099
0.817257
0.876786
0.913316
0.748407
0.821138
0.966543
0.85852
0.957732
0.838464
0.885855
0.8266
0.792045
0.863405
0.948201
0.975969
0.896694
0.866401
0.956848
0.874273
0.796238
1.10705
0.871856
0.881765
0.887017
0.844292
0.983824
0.74248
0.871775
0.947004
0.922921
0.853008
0.888546
0.898828
0.761804
0.897242
0.891458
0.872081
0.850021
0.956294
0.831176
0.81554
0.952995
0.822094
0.911704
0.839597
0.833248
0.965515
0.87239
0.85218
0.808387
0.973715
0.823411
0.916358
0.841665
0.921368
0.880892
0.816716
0.739771
0.932
0.808924
0.733691
0.870451
0.876312
0.992404
0.716408
0.905764
0.813165
0.938859
0.757782
0.796242
0.874139
0.936354
0.962323
0.884016
0.873731
0.883509
0.802802
0.896317
0.921426
0.785464
0.959531
0.777447
0.853626
0.803115
0.923779
0.892913
0.886725
0.918893
0.837246
0.920795
0.838275
0.977847
0.841039
0.865985
0.86995
0.969682
0.822926
0.958124
0.844669
0.946013
0.795781
0.862073
0.958766
0.853033
0.812715
0.946877
0.784549
0.930986
0.768081
0.856246
0.943932
0.977917
1.01002
0.864636
0.930255
0.972853
0.931275
0.831167
0.802322
0.898623
0.82077
1.00483
1.00382
0.805945
0.948024
0.819615
0.925134
0.850008
0.88995
0.946549
0.89358
0.855147
0.849624
0.927693
0.912916
0.922706
0.85573
0.832491
0.743578
0.972242
0.880168
0.816186
0.888355
0.891117
0.720122
0.791357
0.825087
0.976275
0.985335
0.798442
0.870766
0.736275
0.777976
0.988739
0.916703
0.825696
0.739592
0.856949
0.781486
0.914475
0.818261
0.848709
0.897929
0.876615
0.929858
0.896826
0.828142
0.920106
0.937833
0.872439
0.86082
0.701703
0.836707
0.853768
0.906091
0.953622
0.78102
0.922379
0.899186
0.904103
0.830313
0.974261
1.02549
0.897763
0.794433
0.874816
0.731764
0.872249
0.845098
0.833846
0.832861
0.907896
0.864057
0.853672
0.814782
0.893006
0.815265
0.88577
0.824846
0.833662
0.959858
0.845292
0.91789
0.889133
0.836985
0.897062
0.836742
0.767326
0.872314
0.915856
1.02511
0.887281
0.852536
0.879778
0.89119
0.98175
0.923008
0.826554
0.922655
0.817309
0.968524
0.826176
0.795783
0.907599
0.944881
0.818245
0.971923
0.835548
0.865277
0.827326
0.889875
0.944472
0.846126
0.961843
0.86865
0.844858
0.847853
0.913334
0.839955
0.924332
0.803597
0.955986
0.872062
0.846428
0.812015
0.971371
0.828839
0.963065
0.874369
0.87546
0.930936
0.859442
0.712192
0.865576
0.868793
0.766954
0.823693
0.906051
0.879504
0.813211
0.835949
0.81378
0.911858
0.757001
0.755115
0.794428
0.959221
1.00486
0.925333
0.879009
0.842832
0.786707
0.901577
0.938324
0.839146
0.85275
0.821626
0.853615
0.794929
0.973797
0.808659
0.86395
0.943347
0.850311
0.905895
0.827224
0.974688
0.881866
0.866097
0.894268
0.905634
0.887198
0.820762
0.990749
0.839125
0.847002
0.797106
0.973789
0.840014
0.840984
0.929761
0.84886
0.901548
0.828911
0.775225
0.925917
0.995906
1.01113
0.874403
0.930216
0.932749
1.00557
0.800996
0.810843
0.911035
0.774959
0.979544
1.0456
0.775235
0.894471
0.935784
0.843298
0.871198
0.878147
0.919328
0.841489
0.879814
0.723393
0.903838
0.946411
0.873915
0.884269
0.863458
0.838001
0.966991
0.8987
0.763905
0.848189
0.89668
0.766739
0.774417
0.788794
0.912512
1.05892
0.846024
0.854485
0.772658
0.807972
0.831364
1.06403
0.837128
0.757951
0.813678
0.823804
0.817229
0.865939
0.822415
0.933777
0.936677
0.844056
0.97449
0.82678
0.855208
0.939918
0.835587
0.845796
0.782086
0.747375
0.815719
0.956966
0.955251
0.820724
0.829399
0.991433
0.849952
0.801499
0.92613
1.02073
0.948738
0.793563
0.848549
0.821884
0.828645
0.865958
0.804766
0.904761
0.87525
0.827543
0.879234
0.828457
0.914005
0.809497
0.871933
0.856626
0.778079
0.955505
0.801673
0.901518
1.00316
0.810026
0.903786
0.773259
0.801651
0.931371
0.876176
0.983652
0.879937
0.843731
0.890859
0.879344
0.912424
1.00908
0.835112
1.00314
0.826552
0.942585
0.846261
0.775748
0.863285
0.995882
0.822167
0.805158
0.911292
0.86442
0.819611
0.941808
0.951736
0.814263
0.926039
0.995031
0.801364
0.84813
0.887205
0.863278
0.890443
0.840936
0.866991
0.899921
0.909645
0.861523
0.781859
0.914481
0.888872
0.911546
0.87862
0.930607
0.883853
0.748319
0.780204
0.940054
0.793038
0.741303
0.901059
0.809376
0.936481
0.797951
0.836545
0.943892
0.798784
0.760512
0.819193
0.927561
0.885676
1.01556
0.854659
0.823395
0.809475
0.787451
0.978382
0.938605
0.753173
0.932631
0.814456
0.818024
0.84635
0.861063
0.906679
0.938482
0.793576
0.896714
0.907492
0.908306
0.879066
0.848248
0.891755
0.927488
0.83671
0.885678
0.99259
0.80486
0.879354
0.855568
0.835257
0.915555
0.916406
0.848895
0.805848
0.82236
0.936833
0.750674
0.888647
1.00926
0.94671
0.929816
0.923485
0.939738
0.994299
0.855296
0.826216
0.809549
0.853694
0.823988
1.15174
0.856712
0.7949
0.960567
0.814057
0.95131
0.839928
0.933803
0.851788
0.927589
0.76884
0.869441
0.914486
0.907884
0.92305
0.82086
0.895025
0.841676
0.93017
0.867482
0.817745
0.873631
0.838103
0.737797
0.883327
0.757195
1.05173
0.940348
0.816076
0.83783
0.88283
0.77794
0.933703
0.909042
0.812812
0.851921
0.822358
0.74033
0.920583
0.850868
0.929258
0.863981
0.819159
1.00399
0.890402
0.847951
0.985662
0.834291
0.804584
0.788152
0.832482
0.766228
0.925966
0.911908
0.965927
0.765342
0.972451
0.816505
0.92858
0.803433
1.03968
1.00677
0.830109
0.787622
0.870396
0.752443
0.914294
0.789636
0.916983
0.780621
0.883905
0.848046
0.860133
0.903809
0.826767
0.871947
0.89315
0.75394
0.865834
0.86282
0.866327
0.974233
0.845933
0.892435
0.802773
0.804532
0.869993
0.937038
1.01095
0.880606
0.843618
0.940367
0.903933
0.834076
1.09604
0.852057
0.920121
0.863253
0.882833
0.925073
0.823355
0.811311
0.969097
0.920468
0.84031
0.876587
0.866989
0.808821
0.932031
0.938306
0.821845
0.898533
0.990563
0.833518
0.827666
0.932622
0.819337
0.915431
0.880213
0.859724
0.919477
0.890216
0.841811
0.818594
0.931573
0.857739
0.879589
0.861371
0.895738
0.899028
0.832502
0.712548
0.95204
0.811305
0.734438
0.880302
0.853014
0.93296
0.706076
0.907299
0.871684
0.881706
0.74909
0.800988
0.85417
0.934801
0.988541
0.861801
0.89863
0.817475
0.782986
0.887063
0.959367
0.778961
0.948924
0.762194
0.828806
0.840055
0.884571
0.935956
0.837542
0.896169
0.824462
0.940297
0.809276
1.00328
0.809012
0.828375
0.899669
0.910296
0.835952
0.970579
0.809094
0.926849
0.794061
0.843145
0.964289
0.871807
0.786887
0.967696
0.78931
0.912007
0.80464
0.859703
0.936758
0.994012
0.98308
0.879054
0.921089
0.981566
0.946298
0.814673
0.781024
0.907885
0.84035
0.99615
0.94444
0.830321
0.907547
0.813738
0.926551
0.842707
0.907067
0.913118
0.879753
0.863368
0.837865
0.89314
0.895163
0.896359
0.890505
0.848554
0.741673
0.963202
0.861923
0.786578
0.86186
0.883321
0.729556
0.809995
0.793634
1.02883
0.963136
0.806949
0.886805
0.770986
0.818361
0.914713
0.905769
0.856437
0.726059
0.856104
0.768302
0.914161
0.816219
0.864508
0.889837
0.912096
0.970904
0.905652
0.796638
0.93258
0.898416
0.891711
0.846126
0.717442
0.856833
0.851131
0.884584
0.978484
0.751355
0.905481
0.894499
0.872553
0.828584
0.981344
0.962439
0.880275
0.810615
0.856234
0.726481
0.878539
0.852311
0.79164
0.829594
0.916446
0.848688
0.850671
0.785491
0.900017
0.840838
0.845348
0.82858
0.774017
0.930692
0.831699
0.933946
0.861315
0.855845
0.888044
0.783946
0.789989
0.917419
0.944179
0.970719
0.874432
0.850525
0.892748
0.86513
0.997192
0.909685
0.862925
0.892304
0.840699
0.955206
0.820918
0.815365
0.922251
0.92574
0.818199
0.929831
0.897361
0.803399
0.833275
0.915226
0.916634
0.862474
0.922317
0.931634
0.853144
0.884513
0.873972
0.860577
0.901137
0.831876
0.940538
0.849348
0.837203
0.800208
0.982171
0.824233
0.938706
0.927741
0.868544
0.923433
0.89888
0.739278
0.866716
0.848477
0.76216
0.821782
0.944065
0.857606
0.783848
0.871027
0.834933
0.888659
0.744174
0.757914
0.811991
0.955321
1.00733
0.871722
0.84
0.890424
0.763467
0.870963
0.949709
0.821339
0.913196
0.785867
0.863194
0.806879
0.908682
0.757314
0.872647
0.943147
0.869831
0.924037
0.849592
0.98184
0.863434
0.810693
0.860753
0.969763
0.831682
0.884326
0.937243
0.846744
0.848293
0.829727
0.959475
0.855172
0.835565
0.901233
0.866734
0.850429
0.802198
0.818777
0.888242
0.963687
1.07893
0.853511
0.88906
0.98831
1.00198
0.833611
0.816771
0.866232
0.805032
0.924145
1.05153
0.784772
0.916285
0.897286
0.862495
0.851189
0.916026
0.880204
0.85994
0.894235
0.752544
0.901829
0.928163
0.863491
0.881003
0.834439
0.791323
0.970673
0.88161
0.774163
0.883136
0.917882
0.748731
0.801033
0.789656
0.904731
1.09319
0.809536
0.85239
0.76619
0.835442
0.850101
0.982029
0.860436
0.755859
0.830313
0.838123
0.827637
0.843618
0.862242
0.899274
0.960923
0.774162
0.992252
0.820712
0.865117
0.92226
0.863902
0.837961
0.770763
0.740495
0.847963
0.958072
0.917329
0.800865
0.862515
0.941387
0.882312
0.742243
1.00647
0.988819
0.875611
0.789972
0.855905
0.796789
0.827718
0.827828
0.85455
0.833503
0.920842
0.771388
0.902892
0.831314
0.911491
0.809104
0.808956
0.890678
0.762291
0.969139
0.761903
0.936687
0.992635
0.798074
0.88337
0.819232
0.803185
0.919142
0.927028
1.02015
0.874469
0.865686
0.883594
0.925146
0.932173
0.965795
0.847946
0.988649
0.790949
0.935598
0.873885
0.76559
0.876171
0.939658
0.874493
0.816447
0.908931
0.81205
0.829927
0.902899
0.973848
0.799563
1.00127
0.948163
0.815242
0.802771
0.896431
0.872718
0.890012
0.822525
0.861212
0.897648
0.925789
0.826126
0.86228
0.843644
0.841495
0.902898
0.850553
0.933765
0.884701
0.782119
0.762702
0.895398
0.805608
0.763153
0.957998
0.806354
0.909307
0.829445
0.858797
0.881953
0.799514
0.764341
0.810608
0.904655
0.905189
0.993046
0.87427
0.821246
0.791829
0.822055
0.993034
0.891159
0.820314
0.916987
0.792308
0.776967
0.829096
0.827953
0.932426
0.924665
0.759816
0.944852
0.900836
0.903819
0.892918
0.858928
0.876516
0.940378
0.843543
0.877088
1.01238
0.748559
0.854988
0.887617
0.820946
0.931829
0.865021
0.875715
0.793182
0.86821
0.874186
0.755425
0.905043
0.995123
0.941408
0.995075
0.905161
0.880828
1.05233
0.79753
0.856129
0.798803
0.791978
0.917405
1.09428
0.841931
0.808029
0.969691
0.834301
0.958365
0.862328
0.952386
0.846481
0.884485
0.798507
0.871585
0.913397
0.913115
0.875106
0.828196
0.893818
0.85998
0.896842
0.833489
0.78756
0.870663
0.84517
0.761105
0.877936
0.764435
1.02899
0.91238
0.816588
0.863227
0.858466
0.770039
1.05485
0.798038
0.807504
0.836949
0.856825
0.741618
0.926016
0.84735
0.946795
0.842629
0.8707
0.986878
0.854673
0.881857
0.921642
0.850627
0.848491
0.783233
0.788161
0.745828
0.913562
0.937376
0.897033
0.786533
0.928536
0.794085
0.941673
0.809442
1.02419
0.974477
0.795197
0.800434
0.85217
0.733347
0.89993
0.79931
0.875861
0.814799
0.877911
0.867997
0.88099
0.877798
0.813356
0.879711
0.840025
0.751983
0.910192
0.827441
0.884277
0.988084
0.82985
0.86913
0.813064
0.809668
0.901202
0.976595
0.984105
0.864137
0.884853
0.920662
0.891402
0.827481
1.08551
0.828376
0.94492
0.850495
0.910203
0.871643
0.81313
0.761823
0.98017
0.860021
0.84341
0.89684
0.865071
0.83392
0.943851
0.888256
0.83513
0.908355
0.972608
0.857234
0.778168
0.937687
0.828146
0.905256
0.825772
0.869315
0.870913
0.901904
0.802831
0.823543
0.94258
0.82334
0.891522
0.871526
0.921166
0.89347
0.791786
0.724448
0.958482
0.78386
0.749625
0.915069
0.814428
0.958331
0.703619
0.92246
0.822687
0.881204
0.756476
0.805077
0.827908
0.906871
0.95425
0.833847
0.889894
0.84575
0.803232
0.916811
0.964225
0.770216
0.936528
0.738602
0.853324
0.821717
0.904262
0.921385
0.88371
0.836695
0.839973
1.01285
0.776733
0.994232
0.82309
0.864459
0.881005
0.904638
0.822041
0.963775
0.779166
0.943232
0.750145
0.833167
0.951062
0.848257
0.792353
0.917397
0.815225
0.885462
0.794955
0.81831
0.94923
0.927364
0.941147
0.899986
0.89397
0.973506
0.92971
0.844049
0.802079
0.818555
0.831117
1.01871
0.920213
0.828324
0.905844
0.82541
0.941789
0.797691
0.931521
0.887518
0.893211
0.856583
0.865526
0.92763
0.914343
0.857284
0.852645
0.862019
0.766762
0.964506
0.858929
0.806684
0.858578
0.88628
0.707037
0.889845
0.755935
0.987665
0.957699
0.818896
0.848278
0.776006
0.78915
0.936206
0.88433
0.821879
0.791846
0.850019
0.799474
0.90632
0.819557
0.900362
0.851535
0.889722
0.944134
0.89217
0.781853
0.965153
0.86636
0.878522
0.784853
0.757335
0.827428
0.851425
0.896883
0.953802
0.732114
0.935439
0.912296
0.853093
0.809223
1.00393
0.912773
0.903656
0.7656
0.83765
0.702984
0.883091
0.877939
0.781902
0.844091
0.866777
0.853726
0.852964
0.792032
0.918877
0.855191
0.875367
0.852255
0.736065
0.933545
0.833442
0.965251
0.816699
0.839594
0.86308
0.782773
0.806377
0.907568
0.999563
0.908288
0.92778
0.881909
0.919065
0.819947
1.00457
0.897144
0.851199
0.908849
0.823334
0.945801
0.799483
0.842028
0.914438
0.876715
0.871495
0.912907
0.891924
0.794119
0.840222
0.88904
0.929669
0.857125
0.92171
0.914513
0.812934
0.905439
0.844319
0.900431
0.89997
0.800114
0.968818
0.855744
0.795082
0.770201
0.975483
0.872817
0.890336
0.910291
0.906164
0.898631
0.843451
0.765886
0.894231
0.848763
0.723
0.848694
0.8935
0.874595
0.738901
0.898084
0.790505
0.877922
0.747488
0.775768
0.817038
0.938034
1.00324
0.880942
0.859343
0.909166
0.739313
0.863527
0.972346
0.819453
0.930588
0.784024
0.861308
0.815791
0.921668
0.762483
0.898787
0.946492
0.855311
0.921262
0.869202
0.890138
0.880716
0.819339
0.818863
0.96553
0.845933
0.905864
0.88537
0.923408
0.748145
0.868488
0.919224
0.883954
0.834503
0.864162
0.867838
0.812431
0.815551
0.81567
0.902406
0.951969
1.06542
0.843469
0.899141
0.943706
1.01373
0.851374
0.78566
0.856446
0.780616
0.945234
1.01
0.840413
0.920955
0.847002
0.887461
0.835432
0.908449
0.961267
0.83112
0.86868
0.769262
0.933323
0.881953
0.87191
0.870702
0.846365
0.801999
0.923501
0.883885
0.795976
0.849235
0.931604
0.788351
0.81573
0.768418
0.942907
1.04384
0.834152
0.854423
0.743064
0.814285
0.903769
0.930101
0.846717
0.777968
0.818227
0.857697
0.839841
0.828421
0.811379
0.904276
0.910149
0.809499
0.956602
0.849747
0.857266
0.928753
0.859789
0.835067
0.702283
0.778608
0.85739
0.908133
0.918983
0.779195
0.929175
0.893152
0.880056
0.756436
1.00966
1.01439
0.874785
0.762751
0.841885
0.793431
0.841931
0.830875
0.833261
0.813371
0.922578
0.817628
0.915983
0.785403
0.888025
0.804567
0.857078
0.88253
0.771896
0.922669
0.775832
0.952599
0.984044
0.815999
0.854405
0.804942
0.785527
0.86445
0.932979
1.05815
0.863966
0.869566
0.947047
0.858755
0.941791
0.948139
0.833638
0.952514
0.792735
0.955259
0.823089
0.756604
0.919391
0.938455
0.823563
0.83073
0.946859
0.793386
0.821538
0.917356
0.985624
0.818703
0.998696
0.901886
0.838432
0.804157
0.928684
0.811326
0.897566
0.826001
0.8517
0.906787
0.890535
0.804999
0.878682
0.898333
0.933369
0.84844
0.854243
0.914055
0.893561
0.79607
0.791709
0.880559
0.79373
0.797317
0.920267
0.811783
0.892934
0.84505
0.868293
0.899586
0.794917
0.770203
0.803592
0.89558
0.953517
0.995279
0.868652
0.835364
0.746901
0.86049
0.977005
0.860419
0.824845
0.881752
0.793657
0.824472
0.861711
0.806786
0.911166
0.977454
0.771631
0.934093
0.869286
0.924096
0.850586
0.86109
0.869132
0.942596
0.846485
0.868936
1.0219
0.775087
0.834918
0.89544
0.853729
0.906069
0.845932
0.902021
0.816178
0.871697
0.816412
0.794243
0.884449
0.968751
0.952833
0.97146
0.915277
0.896043
1.03457
0.780947
0.862426
0.786729
0.783519
0.912323
1.06374
0.806841
0.863493
1.00198
0.818045
0.958747
0.861672
0.953776
0.841746
0.921723
0.784389
0.887972
0.861102
0.914643
0.906946
0.830165
0.844637
0.85897
0.898596
0.771414
0.800197
0.878504
0.874656
0.734511
0.886939
0.732761
1.03763
0.87151
0.781189
0.853136
0.858644
0.788998
1.02763
0.866083
0.793266
0.814153
0.815726
0.808129
0.905468
0.858773
0.919216
0.86057
0.837086
1.04079
0.838431
0.865761
0.92391
0.885842
0.831465
0.758362
0.734916
0.797306
0.914045
0.930875
0.861188
0.792178
0.966515
0.801394
0.903764
0.859653
1.00459
0.949119
0.817809
0.811167
0.818994
0.77511
0.891617
0.789076
0.863712
0.849705
0.856366
0.88241
0.887681
0.876976
0.820585
0.839792
0.858632
0.715863
0.896932
0.817033
0.88745
1.00897
0.820752
0.897817
0.833822
0.787135
0.929839
0.934608
1.02317
0.855699
0.85084
0.879293
0.95075
0.851539
1.03843
0.84459
0.989793
0.807859
0.942557
0.811908
0.791619
0.805899
0.930808
0.863492
0.813435
0.913945
0.869301
0.782561
0.95182
0.86201
0.846614
0.868889
0.987832
0.870274
0.786425
0.971985
0.830111
0.885969
0.854309
0.883434
0.904421
0.858337
0.833206
0.786897
0.969348
0.839601
0.898799
0.870029
0.904588
0.899086
0.785161
0.789399
0.930739
0.719174
0.72846
0.966848
0.80432
0.918065
0.711248
0.905108
0.873963
0.848208
0.750956
0.777991
0.906293
0.896982
0.976324
0.901858
0.828631
0.824253
0.776212
0.922292
0.951221
0.73688
0.929932
0.736723
0.840357
0.832522
0.907507
0.891914
0.921921
0.838363
0.828224
0.978688
0.825521
0.947126
0.80098
0.846288
0.920721
0.89029
0.882474
0.96372
0.848272
0.910179
0.784656
0.833159
0.864056
0.930299
0.799892
0.894974
0.803581
0.887074
0.785946
0.893395
0.959602
0.882832
0.978476
0.87566
0.913774
0.963295
0.930773
0.820092
0.823979
0.840199
0.819894
1.10357
0.847824
0.848813
0.916885
0.853056
0.972813
0.820063
1.00754
0.8443
0.916343
0.820938
0.873775
0.914719
0.927694
0.914483
0.834529
0.859482
0.757121
0.942606
0.841054
0.804818
0.883979
0.84355
0.726716
0.904826
0.736808
0.965681
0.97008
0.836914
0.841452
0.779342
0.815713
0.910937
0.984257
0.812818
0.804978
0.80867
0.854703
0.883027
0.816249
0.862774
0.878421
0.913598
0.914715
0.911276
0.815565
1.02682
0.860788
0.876822
0.739624
0.698419
0.812856
0.844504
0.92531
0.952469
0.719505
0.931259
0.909665
0.820696
0.876243
1.04977
0.888052
0.882351
0.759201
0.881248
0.742344
0.864402
0.868145
0.817279
0.873689
0.85967
0.855655
0.897271
0.758607
0.871486
0.860778
0.866323
0.81823
0.770641
0.949975
0.817189
0.94772
0.799896
0.818985
0.856605
0.780129
0.846906
0.895272
1.03269
0.872947
0.918796
0.896718
0.878047
0.845255
1.01741
0.880387
0.892977
0.89687
0.805526
0.991107
0.783066
0.850699
0.897045
0.908904
0.82088
0.899814
0.852245
0.79908
0.867599
0.873143
0.96654
0.839784
0.918239
0.90652
0.807459
0.899128
0.854135
0.873554
0.879962
0.776675
0.96382
0.886464
0.843337
0.744043
0.947917
0.875788
0.91415
0.868114
0.88737
0.918318
0.838053
0.768476
0.877903
0.850389
0.742494
0.855244
0.8961
0.893594
0.739509
0.892779
0.799
0.880894
0.779628
0.79559
0.837055
0.917008
0.979489
0.888128
0.827721
0.891584
0.790995
0.821343
0.928212
0.858199
0.963168
0.787347
0.83516
0.807206
0.946912
0.812491
0.888457
0.953908
0.864769
0.946261
0.86557
0.902483
0.867395
0.833111
0.834997
0.941749
0.841434
0.916633
0.895543
0.996525
0.764769
0.875436
0.920289
0.843748
0.823744
0.884396
0.875487
0.855118
0.790735
0.828688
0.918729
0.926631
1.01747
0.810781
0.959221
0.934267
0.971395
0.851258
0.786299
0.867608
0.834972
0.936705
0.948024
0.807205
0.933341
0.862129
0.970925
0.798986
0.947036
0.974861
0.839006
0.89403
0.808586
0.971776
0.955772
0.849335
0.871766
0.817221
0.79024
0.90598
0.871929
0.837837
0.842388
0.954367
0.75456
0.841174
0.801074
0.925949
1.02698
0.880418
0.88185
0.735247
0.777252
0.924789
1.00188
0.852961
0.755845
0.843481
0.857077
0.855174
0.865488
0.765196
0.993704
0.894733
0.91451
0.950618
0.801558
0.910511
1.00195
0.840238
0.822915
0.666826
0.832851
0.827992
0.972575
0.881486
0.783933
0.912478
0.894504
0.897965
0.812099
0.996349
0.990302
0.887966
0.7731
0.817911
0.758014
0.852571
0.845806
0.846851
0.818889
0.923166
0.845394
0.930404
0.803472
0.868139
0.779373
0.878731
0.874683
0.757352
0.906877
0.814322
0.879509
0.945143
0.836663
0.901851
0.816563
0.756882
0.907302
0.94521
1.01497
0.887899
0.876568
0.873488
0.875054
0.983099
0.92414
0.831407
0.918656
0.774866
1.00828
0.804343
0.768822
0.901833
0.937996
0.796519
0.837497
0.89882
0.836172
0.757219
0.931196
0.928796
0.832351
0.942214
0.875744
0.808836
0.84931
0.915981
0.830757
0.910541
0.803478
0.934725
0.854583
0.879099
0.827031
0.870749
0.890158
0.922028
0.878666
0.863313
0.939333
0.894117
0.760335
0.868294
0.844337
0.778503
0.829539
0.952758
0.857732
0.885125
0.845743
0.832133
0.919774
0.767808
0.757792
0.814092
0.910075
0.971703
0.975088
0.868205
0.814351
0.787184
0.867395
0.940412
0.800056
0.88695
0.879839
0.811564
0.845095
0.830587
0.795845
0.905798
1.01077
0.793432
0.950927
0.830921
0.941669
0.835701
0.864659
0.927536
0.900006
0.888169
0.877052
0.986528
0.848159
0.870404
0.901897
0.887898
0.895185
0.821184
0.897892
0.871803
0.923583
0.784077
0.762591
0.927358
0.996506
0.901022
0.942935
0.937509
0.925637
1.0185
0.777649
0.858338
0.841897
0.785108
0.914241
1.04977
0.772787
0.85928
0.945026
0.815389
0.929684
0.860016
0.998838
0.844556
0.887103
0.792037
0.922323
0.896034
0.897792
0.93165
0.799856
0.82653
0.881569
0.919533
0.785128
0.890766
0.841933
0.835467
0.816352
0.808353
0.775546
1.05205
0.853038
0.845052
0.840337
0.845129
0.797727
0.976304
0.953716
0.753064
0.850143
0.793031
0.851387
0.887715
0.841687
0.901987
0.895753
0.875522
1.02341
0.831644
0.841593
0.943208
0.864923
0.839369
0.76554
0.713871
0.814524
0.959185
0.94836
0.881855
0.782456
0.955638
0.820466
0.93088
0.904866
1.0329
0.91162
0.817328
0.832278
0.839253
0.81478
0.866134
0.780163
0.918541
0.852667
0.837384
0.877904
0.909662
0.870159
0.831833
0.845267
0.821356
0.752159
0.922392
0.834867
0.802699
1.04837
0.786691
0.946543
0.819037
0.754434
0.916381
0.932588
0.993917
0.853035
0.866204
0.886384
0.880937
0.884136
1.09341
0.816004
0.954222
0.811703
0.984539
0.834899
0.773353
0.828904
0.94422
0.809115
0.800343
0.879955
0.856477
0.792182
0.939784
0.941209
0.823416
0.888534
0.94213
0.90628
0.793341
0.915684
0.857218
0.888461
0.87047
0.855592
0.890513
0.889967
0.834215
0.82034
0.927927
0.833875
0.923813
0.850341
0.928097
0.881251
0.796645
0.764214
0.940523
0.766887
0.774551
0.954163
0.795741
0.907504
0.72218
0.893904
0.891661
0.87145
0.758117
0.779326
0.922099
0.909175
1.0147
0.845966
0.854444
0.794066
0.799913
0.953806
0.901491
0.797766
0.919681
0.783119
0.782555
0.852846
0.836415
0.870839
0.921983
0.858411
0.854631
0.91577
0.864173
0.959192
0.816651
0.896856
0.891758
0.913142
0.875099
0.947018
0.87581
0.881684
0.837444
0.924856
0.844535
0.866828
0.859461
0.866933
0.837986
0.873993
0.778206
0.932754
1.01334
0.8809
0.92367
0.946844
0.869537
1.01154
0.913777
0.820312
0.799887
0.848594
0.83697
1.12836
0.836377
0.784235
0.936331
0.848619
0.984727
0.810864
0.984839
0.856005
0.902778
0.830852
0.903842
0.865651
0.901254
0.923018
0.839571
0.845586
0.773915
0.921569
0.831403
0.833138
0.844063
0.865648
0.755361
0.882394
0.749442
0.980766
0.954057
0.805986
0.841607
0.780524
0.817237
0.914987
0.943141
0.773098
0.835327
0.812186
0.834767
0.918722
0.803518
0.914088
0.87112
0.866486
0.940038
0.907264
0.812455
1.02464
0.846999
0.846401
0.723269
0.712701
0.812784
0.894591
0.92073
0.929691
0.731495
0.991665
0.867022
0.842675
0.812953
1.08336
0.916624
0.849801
0.782156
0.801947
0.760473
0.893697
0.863392
0.821941
0.826687
0.900591
0.87115
0.885501
0.824235
0.87017
0.844548
0.910621
0.750775
0.785195
0.932734
0.868428
0.945059
0.784782
0.884541
0.81247
0.792996
0.869413
0.90711
1.03517
0.867886
0.886791
0.937425
0.845401
0.857471
0.978209
0.897397
0.941052
0.885087
0.840032
1.0068
0.742364
0.853553
0.925783
0.898245
0.811837
0.862649
0.875482
0.773093
0.87867
0.867522
0.928231
0.856577
0.932371
0.894368
0.849911
0.887751
0.852727
0.886264
0.842947
0.772738
0.916847
0.895599
0.832131
0.749698
0.962241
0.843243
0.888679
0.828489
0.919683
0.885099
0.843527
0.761482
0.842143
0.862783
0.736432
0.853348
0.908193
0.877496
0.747575
0.884741
0.790692
0.915914
0.788984
0.742965
0.891495
0.85105
0.980349
0.878458
0.840919
0.896713
0.785369
0.828628
0.898028
0.806363
0.945407
0.751843
0.873676
0.770961
0.920182
0.850819
0.887232
0.908431
0.827048
0.883383
0.868056
0.94342
0.855862
0.888265
0.798856
1.00209
0.836055
0.920526
0.854932
0.964526
0.772865
0.836786
0.943336
0.880059
0.810672
0.857208
0.808448
0.870933
0.753068
0.837331
0.942361
0.898746
1.0232
0.806886
0.935826
0.913911
0.946108
0.885816
0.806054
0.835297
0.808437
0.966818
0.958441
0.818792
0.946347
0.829103
0.966346
0.775446
0.928661
0.952572
0.867537
0.838591
0.830327
0.94208
0.917312
0.9013
0.855763
0.805518
0.764226
0.958858
0.875544
0.835746
0.860804
0.893091
0.751051
0.810792
0.815494
0.918423
1.00315
0.86607
0.874751
0.732122
0.796872
0.945264
0.979356
0.828517
0.726469
0.828894
0.855735
0.853511
0.848423
0.796758
0.950845
0.90821
0.898915
0.930629
0.811949
0.897931
0.968699
0.87027
0.813258
0.677849
0.826971
0.854224
0.929115
0.892891
0.748806
0.914531
0.934015
0.912059
0.796054
0.99816
0.982351
0.884722
0.767013
0.847609
0.70587
0.874384
0.855381
0.843431
0.832738
0.921939
0.819031
0.927809
0.795599
0.905628
0.767193
0.912968
0.83675
0.805283
0.917459
0.841504
0.871792
0.893266
0.821508
0.851736
0.846849
0.749502
0.953645
0.916334
0.984968
0.901256
0.881042
0.885214
0.893453
0.946563
0.938036
0.82209
0.906102
0.772898
1.01633
0.810204
0.76387
0.901477
0.921908
0.786879
0.89011
0.871512
0.87503
0.747467
0.941075
0.898503
0.853643
0.912428
0.895875
0.845631
0.810185
0.90009
0.877882
0.913006
0.804622
0.971747
0.828049
0.83262
0.81051
0.941757
0.870035
0.900374
0.890784
0.857614
0.97762
0.880535
0.738231
0.879297
0.841043
0.79922
0.828467
0.94164
0.814338
0.854812
0.826597
0.843569
0.885313
0.779469
0.736039
0.835324
0.887248
1.0068
0.899959
0.890064
0.822743
0.785914
0.851439
0.933441
0.813025
0.869943
0.815463
0.816028
0.801207
0.858419
0.802175
0.873829
0.994051
0.858524
0.905253
0.822486
0.956392
0.887929
0.894417
0.872515
0.895531
0.901395
0.862573
1.00427
0.819196
0.842435
0.919712
0.909592
0.860577
0.832837
0.868458
0.897037
0.878776
0.816723
0.751892
0.900845
1.01144
0.914886
0.86219
0.955772
0.918281
1.00564
0.823029
0.836404
0.845654
0.769583
0.925807
1.02237
0.797279
0.901153
0.909387
0.834696
0.917942
0.858537
0.973925
0.841863
0.896925
0.765787
0.932568
0.910992
0.849555
0.901585
0.821525
0.817127
0.907838
0.928815
0.786356
0.880863
0.865373
0.824898
0.770641
0.819467
0.820996
1.03925
0.846558
0.823814
0.816741
0.815811
0.83489
1.00119
0.912486
0.737525
0.854428
0.816342
0.81322
0.89188
0.832812
0.895765
0.930474
0.89854
0.9997
0.818024
0.835476
0.898503
0.857478
0.848688
0.761036
0.729547
0.846391
0.935801
0.927507
0.842285
0.815629
0.975923
0.798527
0.883825
0.982905
1.01651
0.915249
0.788881
0.819483
0.839289
0.795525
0.879899
0.813908
0.862932
0.878835
0.831527
0.875146
0.880841
0.856919
0.834257
0.866125
0.820477
0.764041
0.939067
0.84934
0.864221
1.00446
0.78122
0.945295
0.795796
0.752727
0.921143
0.932127
0.928154
0.876128
0.849911
0.902369
0.935382
0.857821
1.01582
0.802289
0.924819
0.833785
0.97204
0.854087
0.74097
0.909206
0.898716
0.825873
0.782983
0.902824
0.848813
0.794855
0.925814
0.954897
0.813571
0.876579
0.937344
0.853653
0.856927
0.880302
0.853646
0.902113
0.835285
0.849302
0.928008
0.885352
0.818075
0.812771
0.917212
0.851464
0.961
0.801015
0.931655
0.908698
0.751763
0.747324
0.955108
0.786185
0.760364
0.95081
0.819268
0.900867
0.738059
0.855877
0.909014
0.832914
0.77463
0.781386
0.93658
0.896498
1.01479
0.847112
0.859029
0.78764
0.819127
0.942371
0.913365
0.748046
0.940658
0.786862
0.808099
0.826882
0.873486
0.899137
0.944056
0.827711
0.859161
0.951054
0.864317
0.932639
0.861534
0.918148
0.870898
0.90554
0.874594
0.933563
0.857958
0.900676
0.881684
0.916748
0.873395
0.882495
0.851925
0.899087
0.862025
0.887869
0.756401
0.909855
1.04371
0.834143
0.918557
0.906367
0.891605
1.01901
0.872553
0.843114
0.791436
0.808287
0.83589
1.17644
0.808189
0.794634
0.941116
0.870489
0.902369
0.826733
0.963371
0.843736
0.889842
0.83894
0.911773
0.889361
0.911389
0.938538
0.822823
0.847742
0.826939
0.934703
0.859572
0.823332
0.848702
0.84868
0.79211
0.855854
0.771992
0.978734
0.923568
0.817656
0.866659
0.787455
0.793046
0.900012
0.994768
0.786441
0.855078
0.790837
0.810439
0.923345
0.83627
0.93238
0.891371
0.851586
1.00427
0.903247
0.81835
0.993687
0.830099
0.86745
0.75164
0.71451
0.836177
0.912355
0.941619
0.935996
0.742688
1.01216
0.864238
0.927513
0.834156
1.05739
0.929758
0.850846
0.807064
0.785293
0.796241
0.894996
0.821921
0.80004
0.811034
0.866696
0.839656
0.877488
0.859756
0.767744
0.85643
0.915696
0.730921
0.829845
0.952686
0.829282
0.938603
0.82552
0.874071
0.794459
0.83374
0.883808
0.927598
0.98673
0.870778
0.883856
1.00031
0.90145
0.835808
1.07106
0.882862
0.865367
0.940383
0.838955
0.975601
0.734627
0.864959
0.908055
0.86795
0.817672
0.86005
0.911891
0.775554
0.901137
0.936595
0.892472
0.891101
0.938605
0.831086
0.814218
0.914099
0.806446
0.966734
0.849528
0.844434
0.962822
0.897237
0.819299
0.752751
1.02433
0.817291
0.901413
0.828268
0.899824
0.923099
0.799531
0.728976
0.916085
0.762483
0.716484
0.867158
0.839362
0.909598
0.690807
0.837026
0.77689
0.95812
0.738795
0.790203
0.906938
0.890314
0.905244
0.87275
0.805568
0.862585
0.763306
0.847746
0.873469
0.85184
0.923473
0.738373
0.842879
0.760184
0.93838
0.862785
0.904133
0.903359
0.820631
0.870259
0.795286
1.02394
0.809114
0.846449
0.824696
0.969209
0.880086
0.90433
0.824319
0.926915
0.782835
0.821535
0.92761
0.857921
0.788465
0.929295
0.746271
0.869042
0.756462
0.853666
0.910381
0.919281
0.959394
0.842172
0.903262
0.935247
0.939038
0.820305
0.789652
0.823743
0.769505
0.962312
0.959335
0.798018
0.914135
0.792141
0.884693
0.802259
0.902765
0.927226
0.842698
0.818346
0.828859
0.905633
0.890039
0.897436
0.847864
0.793697
0.754577
0.931236
0.838991
0.805454
0.811408
0.849955
0.726182
0.788568
0.790615
0.948984
0.943369
0.800147
0.811959
0.711554
0.75857
0.947529
0.889534
0.834366
0.715198
0.821032
0.805617
0.890983
0.785101
0.884377
0.86828
0.886288
0.941548
0.88424
0.835021
0.895024
0.922906
0.868877
0.792802
0.660585
0.820239
0.86979
0.915869
0.903115
0.753112
0.895972
0.903314
0.902054
0.804711
0.978326
0.981348
0.861006
0.781415
0.83777
0.725652
0.85763
0.824762
0.821159
0.805994
0.908804
0.852814
0.858043
0.773271
0.86483
0.761062
0.863698
0.805114
0.798079
0.937441
0.845377
0.903972
0.828113
0.802802
0.911876
0.800143
0.785431
0.872819
0.902288
0.992898
0.887882
0.855754
0.948992
0.869568
0.947175
0.921094
0.816604
0.919905
0.776959
0.976661
0.849821
0.809345
0.830843
0.897165
0.80104
0.930723
0.79155
0.862662
0.797668
0.916286
0.946435
0.825926
0.965577
0.837659
0.83128
0.840314
0.867788
0.899215
0.920265
0.785217
0.928391
0.870657
0.821801
0.751938
0.917493
0.839855
0.930242
0.857277
0.896142
0.947161
0.842295
0.708129
0.86521
0.807066
0.735709
0.821163
0.878051
0.832268
0.776771
0.790149
0.827268
0.882581
0.752771
0.753088
0.80724
0.955136
0.992742
0.862049
0.81184
0.818063
0.754916
0.853121
0.93176
0.844749
0.854899
0.763012
0.857142
0.790373
0.945639
0.765753
0.840521
0.971516
0.838842
0.849316
0.798124
0.927219
0.876684
0.842587
0.844715
0.897458
0.905634
0.821675
0.987847
0.838732
0.844741
0.795145
0.955637
0.807168
0.853363
0.869459
0.827787
0.856344
0.774342
0.763864
0.893408
0.952462
0.899335
0.877443
0.913788
0.880406
0.979037
0.832088
0.766451
0.839286
0.725002
0.937091
1.01243
0.787223
0.861674
0.880979
0.813181
0.83492
0.866926
0.931692
0.798767
0.833049
0.746983
0.8782
0.923149
0.797026
0.880864
0.829909
0.826515
0.921469
0.875976
0.740515
0.811675
0.895574
0.764546
0.779997
0.755286
0.863377
1.00331
0.808138
0.851081
0.753717
0.797201
0.825184
0.994445
0.874666
0.74912
0.795652
0.821314
0.783926
0.868775
0.813199
0.892721
0.924565
0.84853
0.941438
0.812728
0.858922
0.885709
0.84374
0.81853
0.758045
0.734551
0.817053
0.944808
0.928987
0.807447
0.811322
0.955977
0.857597
0.844128
0.934224
0.999343
0.877894
0.795272
0.790892
0.786746
0.817796
0.814153
0.803655
0.895165
0.888854
0.776475
0.876616
0.851888
0.85406
0.791093
0.831376
0.86279
0.712604
0.950193
0.779345
0.88285
0.976524
0.781499
0.93942
0.77315
0.769096
0.917547
0.885449
0.975202
0.869678
0.861713
0.866511
0.932077
0.873836
0.959202
0.812896
0.932064
0.827715
0.958649
0.860515
0.757878
0.821761
0.930248
0.788598
0.767827
0.903362
0.863148
0.794543
0.924285
0.994654
0.80359
0.918427
0.976703
0.786612
0.838996
0.858336
0.879637
0.895539
0.839703
0.84657
0.908683
0.9114
0.823816
0.755493
0.924251
0.857433
0.923395
0.857251
0.912598
0.904409
0.748306
0.766091
0.938078
0.780235
0.72686
0.886012
0.764912
0.898554
0.751471
0.816064
0.87488
0.83582
0.718301
0.829557
0.928473
0.864133
0.981323
0.816302
0.784498
0.771151
0.773685
0.964417
0.880324
0.766519
0.876482
0.774144
0.846037
0.816312
0.891334
0.878625
0.95326
0.748411
0.844407
0.869151
0.90901
0.881575
0.823852
0.848431
0.909282
0.851345
0.884988
0.949369
0.799244
0.858529
0.852113
0.84057
0.852601
0.921235
0.829274
0.826928
0.792155
0.885511
0.734312
0.871469
0.985943
0.83554
0.891264
0.91994
0.918112
0.950332
0.863493
0.80473
0.783011
0.777819
0.783903
1.14365
0.802482
0.784301
0.933565
0.795796
0.885193
0.850034
0.931656
0.854364
0.869094
0.746939
0.851525
0.930216
0.86873
0.909715
0.795976
0.857396
0.799855
0.913639
0.832449
0.798885
0.82393
0.822948
0.741478
0.834959
0.716901
0.97709
0.876738
0.801801
0.848171
0.81008
0.76487
0.894781
0.929306
0.76848
0.827899
0.810056
0.754646
0.883312
0.805191
0.919747
0.83253
0.839632
1.00293
0.863631
0.840189
0.937497
0.832754
0.80277
0.74864
0.786424
0.753422
0.911508
0.894462
0.930321
0.774495
0.93429
0.806665
0.945419
0.801548
1.01339
0.946605
0.78318
0.767938
0.814336
0.745696
0.87329
0.771461
0.877917
0.795146
0.881396
0.856614
0.876395
0.865612
0.769503
0.867375
0.823569
0.732284
0.863685
0.870357
0.823779
0.912921
0.832514
0.909569
0.755215
0.815276
0.857397
0.928819
0.974297
0.859453
0.848424
0.974189
0.887505
0.829652
1.03306
0.829672
0.882008
0.869089
0.843099
0.934116
0.783983
0.80462
0.917187
0.838879
0.797333
0.879002
0.853237
0.777408
0.90696
0.932123
0.852116
0.896554
0.953884
0.82126
0.826557
0.927507
0.810217
0.931863
0.879557
0.834683
0.91445
0.911601
0.819061
0.756934
0.978961
0.804993
0.899759
0.836192
0.883648
0.94285
0.797697
0.722534
0.949715
0.775858
0.695249
0.8813
0.832155
0.878278
0.676466
0.83215
0.808313
0.913031
0.74264
0.792022
0.851883
0.912312
0.903835
0.858365
0.855579
0.80765
0.760632
0.842072
0.915458
0.798143
0.925029
0.710645
0.846967
0.801114
0.888054
0.894889
0.832936
0.907809
0.797605
0.884331
0.784641
1.02701
0.783766
0.839013
0.889506
0.904789
0.876567
0.921671
0.819694
0.897751
0.778847
0.828322
0.931884
0.878192
0.760212
0.94457
0.747036
0.87868
0.777176
0.848602
0.902894
0.880022
0.923933
0.864422
0.918229
0.926509
0.955391
0.813577
0.762755
0.837391
0.789962
1.00398
0.8773
0.831535
0.90538
0.77573
0.914933
0.837212
0.903025
0.906775
0.860313
0.807652
0.851537
0.904428
0.876116
0.873323
0.892401
0.811135
0.755186
0.925152
0.838027
0.798903
0.852106
0.855899
0.723678
0.77764
0.778794
0.973879
0.87316
0.814419
0.866741
0.726827
0.790924
0.885322
0.909624
0.81649
0.740567
0.804211
0.8164
0.879463
0.770737
0.879963
0.852946
0.886019
0.96193
0.900417
0.790992
0.934431
0.884622
0.880632
0.796202
0.667737
0.818565
0.828746
0.891012
0.912463
0.75021
0.881526
0.894888
0.89265
0.828654
0.958413
0.916198
0.837515
0.794523
0.83196
0.719603
0.880413
0.856493
0.768045
0.8214
0.892887
0.791855
0.887202
0.75048
0.875686
0.819369
0.829403
0.819666
0.764185
0.958278
0.80774
0.920135
0.825116
0.821565
0.870421
0.778748
0.765507
0.879149
0.9571
0.943526
0.86891
0.874062
0.954318
0.897032
0.932401
0.864977
0.840112
0.937943
0.795995
0.975621
0.817204
0.789534
0.853834
0.895775
0.808341
0.91923
0.872635
0.795714
0.811668
0.930566
0.916775
0.827276
0.888065
0.883208
0.832513
0.881844
0.836144
0.886451
0.874146
0.799288
0.956414
0.870869
0.796778
0.743035
0.968516
0.81238
0.914808
0.895195
0.864635
0.933822
0.84998
0.726809
0.866991
0.821924
0.741101
0.810337
0.893847
0.805861
0.750122
0.798956
0.810086
0.912269
0.727526
0.765234
0.815832
0.986863
0.98854
0.835726
0.804047
0.836584
0.746551
0.840914
0.930734
0.83612
0.86566
0.742916
0.843242
0.795108
0.911416
0.748499
0.838534
0.938859
0.833668
0.847573
0.837169
0.985308
0.822877
0.825291
0.847741
0.935488
0.868912
0.891182
0.884422
0.85324
0.828205
0.818014
0.968796
0.807884
0.857272
0.857839
0.839232
0.835678
0.743507
0.806297
0.861984
0.955659
0.965817
0.841446
0.889814
0.945645
0.956415
0.82656
0.769672
0.786683
0.790908
0.929954
0.984141
0.779628
0.868936
0.849018
0.849876
0.83965
0.911885
0.904797
0.808897
0.821838
0.772931
0.914237
0.899434
0.810509
0.873941
0.80197
0.794199
0.95474
0.846147
0.748412
0.819351
0.890566
0.75038
0.811535
0.750785
0.890034
1.02569
0.798311
0.847203
0.750061
0.810043
0.818631
0.928902
0.860905
0.744225
0.795626
0.820203
0.802944
0.834364
0.842198
0.880645
0.947661
0.84031
0.959455
0.802058
0.864141
0.891521
0.859022
0.839049
0.705702
0.751483
0.814621
0.972831
0.887652
0.801591
0.855162
0.932066
0.895493
0.791499
0.999873
0.947241
0.873899
0.76579
0.804384
0.794609
0.829601
0.806204
0.832229
0.832594
0.926405
0.76378
0.891265
0.829937
0.822927
0.796948
0.814056
0.860759
0.753854
0.927446
0.780432
0.89899
0.949232
0.783994
0.897196
0.807311
0.755724
0.886443
0.892697
0.982786
0.853238
0.838313
0.864791
0.936414
0.922144
0.93546
0.826605
0.921828
0.801483
0.952154
0.871454
0.763351
0.808665
0.895741
0.84858
0.796019
0.892262
0.807924
0.811974
0.876755
0.961864
0.754152
0.942155
0.945479
0.777714
0.834822
0.881841
0.884857
0.89759
0.810573
0.877978
0.895668
0.887525
0.820796
0.84655
0.868864
0.844512
0.895655
0.865071
0.901398
0.862939
0.784797
0.787521
0.894468
0.747846
0.751056
0.911003
0.775716
0.860864
0.765968
0.861026
0.855523
0.816289
0.736654
0.813914
0.929843
0.883001
0.94382
0.833696
0.766274
0.748546
0.799451
0.939012
0.856416
0.809471
0.853539
0.765745
0.819276
0.845244
0.847427
0.876731
0.937047
0.71931
0.876475
0.850986
0.898045
0.880282
0.843003
0.84833
0.910168
0.850094
0.861503
0.998677
0.779691
0.868593
0.852479
0.838093
0.877814
0.888231
0.837826
0.80036
0.812714
0.845353
0.737412
0.891057
0.985895
0.821788
0.951487
0.890027
0.873923
0.968431
0.829642
0.85173
0.755207
0.756946
0.878272
1.08711
0.786002
0.783541
0.947885
0.814826
0.911998
0.846014
0.954749
0.855125
0.831343
0.763282
0.859063
0.898789
0.852457
0.894141
0.791999
0.886169
0.813989
0.891463
0.802067
0.792673
0.823132
0.822821
0.76208
0.852353
0.739928
0.991931
0.871825
0.786127
0.85514
0.82224
0.736225
0.983979
0.862355
0.767859
0.816122
0.79624
0.745346
0.908495
0.802358
0.938024
0.839286
0.873621
1.01256
0.835901
0.847188
0.920113
0.835589
0.795415
0.737071
0.769976
0.732946
0.937993
0.913466
0.890224
0.76352
0.916448
0.776608
0.972676
0.805157
1.00682
0.938755
0.785366
0.788193
0.815996
0.756346
0.836352
0.778777
0.862962
0.828539
0.860804
0.851587
0.891286
0.841333
0.778509
0.837368
0.823612
0.707793
0.903538
0.845499
0.842351
0.975258
0.804094
0.898804
0.759447
0.758169
0.887349
0.944351
0.953412
0.836846
0.865078
0.923427
0.912333
0.826815
1.03022
0.829696
0.894007
0.861602
0.888225
0.884556
0.806518
0.757627
0.937034
0.806501
0.823088
0.866608
0.865306
0.807096
0.90933
0.904137
0.8255
0.885084
0.992025
0.842651
0.79013
0.91676
0.824395
0.894013
0.855795
0.862845
0.898037
0.907074
0.805799
0.773582
0.986646
0.799743
0.899229
0.834423
0.877602
0.899363
0.794717
0.702433
0.954806
0.757652
0.724949
0.902496
0.78258
0.928686
0.663058
0.872227
0.789557
0.908016
0.747073
0.796631
0.854924
0.919394
0.911806
0.834539
0.843563
0.82739
0.7529
0.848595
0.909343
0.803216
0.91886
0.724832
0.832653
0.788262
0.893898
0.847988
0.881339
0.830971
0.810112
0.926134
0.779777
1.00699
0.805026
0.837661
0.864529
0.891957
0.872228
0.904488
0.799359
0.944602
0.741929
0.838367
0.922602
0.849055
0.793372
0.908022
0.777733
0.870049
0.775411
0.866122
0.938441
0.890332
0.908119
0.849475
0.919635
0.92979
0.915497
0.81451
0.770069
0.807636
0.794801
1.00517
0.858209
0.816246
0.907384
0.795669
0.934461
0.816278
0.94222
0.906731
0.864154
0.799045
0.884603
0.905413
0.864254
0.857158
0.846655
0.852122
0.750991
0.961039
0.816646
0.818616
0.826496
0.854332
0.70107
0.834682
0.739089
0.94982
0.895271
0.80162
0.845112
0.714456
0.801516
0.888068
0.914307
0.791199
0.799835
0.764272
0.81777
0.882969
0.765123
0.904178
0.806
0.88764
1.00088
0.880279
0.792219
0.987022
0.863528
0.874283
0.734437
0.699964
0.785045
0.867224
0.88625
0.917109
0.733364
0.904919
0.92637
0.855387
0.834493
0.981448
0.891618
0.868931
0.797752
0.819989
0.723624
0.871563
0.860999
0.745574
0.837645
0.859546
0.822373
0.873917
0.766437
0.874166
0.816643
0.849011
0.798887
0.74413
0.937772
0.822441
0.951445
0.770287
0.825528
0.859613
0.792714
0.767815
0.866593
0.983108
0.890086
0.883126
0.880097
0.966749
0.847242
0.959283
0.875356
0.857416
0.913302
0.78104
1.00556
0.811272
0.821108
0.854773
0.847964
0.808133
0.885252
0.895254
0.772313
0.813623
0.871419
0.907257
0.83539
0.903055
0.877042
0.832574
0.881814
0.808145
0.89122
0.913064
0.794751
0.947803
0.878747
0.795974
0.72322
0.967079
0.872089
0.882025
0.857143
0.88123
0.910147
0.816308
0.746508
0.869676
0.829993
0.717318
0.85066
0.889059
0.800996
0.726381
0.841261
0.783099
0.909261
0.733628
0.771914
0.807473
0.961549
0.955777
0.845805
0.7934
0.873195
0.713107
0.815605
0.9333
0.837284
0.891047
0.725614
0.854351
0.799028
0.937412
0.747451
0.860713
0.925693
0.856726
0.81195
0.845247
0.925473
0.841074
0.799805
0.837348
0.958078
0.868599
0.899232
0.869177
0.931471
0.760839
0.863521
0.922487
0.84935
0.862359
0.8527
0.822648
0.8301
0.782494
0.786933
0.871465
0.929757
1.00428
0.796309
0.915744
0.918035
0.952435
0.868634
0.751159
0.807223
0.782939
0.953269
0.913579
0.810063
0.885084
0.818193
0.867162
0.817324
0.899799
0.934565
0.839432
0.811259
0.78673
0.940874
0.857426
0.835605
0.862903
0.829064
0.81707
0.910554
0.846105
0.78293
0.7977
0.917219
0.770511
0.780823
0.759475
0.898507
0.986807
0.808715
0.850468
0.710489
0.776854
0.869234
0.885257
0.849909
0.746091
0.791573
0.821847
0.831652
0.826396
0.804817
0.892129
0.910704
0.858101
0.947625
0.806161
0.882073
0.909466
0.83788
0.827061
0.683981
0.768513
0.851687
0.932482
0.903002
0.791665
0.906217
0.88835
0.875717
0.785745
0.994986
0.959896
0.883928
0.740152
0.8089
0.795785
0.812955
0.815399
0.84811
0.813453
0.934904
0.785541
0.929079
0.776433
0.846661
0.772993
0.84057
0.853251
0.716033
0.928808
0.768522
0.892963
0.95886
0.772193
0.883436
0.798165
0.770474
0.835805
0.935578
1.01838
0.827398
0.859816
0.923955
0.856308
0.909714
0.936167
0.840281
0.933634
0.788614
0.956637
0.850101
0.767555
0.820008
0.898193
0.823849
0.802794
0.928567
0.775563
0.795189
0.885343
1.00093
0.773157
0.969464
0.881637
0.815371
0.818354
0.926468
0.830235
0.929426
0.783863
0.86315
0.929062
0.892038
0.813048
0.869485
0.87832
0.914975
0.842396
0.864864
0.911336
0.873292
0.797262
0.767838
0.863
0.76827
0.791931
0.914567
0.776826
0.835115
0.770761
0.83225
0.886377
0.780717
0.765934
0.805614
0.89543
0.928085
0.934834
0.851223
0.796264
0.718121
0.84147
0.939201
0.819854
0.813692
0.836408
0.763617
0.834943
0.849377
0.825755
0.870097
0.944927
0.736818
0.868866
0.827034
0.924393
0.85322
0.858102
0.856061
0.907278
0.863917
0.882856
0.987029
0.782038
0.829393
0.86909
0.855389
0.877418
0.898583
0.830273
0.796096
0.872276
0.820683
0.756383
0.868194
0.964317
0.843705
0.932653
0.906702
0.898996
0.973088
0.793584
0.852756
0.763276
0.763016
0.889208
1.02863
0.792798
0.83021
0.936798
0.787155
0.93083
0.847605
0.939506
0.827537
0.882607
0.768446
0.865241
0.864938
0.855729
0.911598
0.817931
0.824578
0.841032
0.90731
0.775569
0.803705
0.83242
0.829467
0.748412
0.879223
0.728687
0.970612
0.855282
0.803207
0.852009
0.80411
0.749661
0.981209
0.869472
0.777419
0.794688
0.756307
0.781092
0.918735
0.851719
0.90434
0.830793
0.834387
1.05165
0.808733
0.850005
0.887307
0.851755
0.807091
0.733384
0.746284
0.763347
0.93092
0.916514
0.854054
0.785535
0.94484
0.801461
0.905321
0.849473
1.00557
0.937437
0.809247
0.771811
0.814294
0.781376
0.86243
0.755044
0.859884
0.858458
0.813042
0.852528
0.863751
0.832727
0.760557
0.829434
0.841226
0.690407
0.93634
0.796791
0.832224
0.987309
0.789779
0.871289
0.789407
0.751443
0.923346
0.909232
0.973068
0.865663
0.820095
0.874339
0.938816
0.85476
1.02469
0.834631
0.928103
0.824501
0.950952
0.832408
0.802785
0.782465
0.879991
0.873778
0.778673
0.899062
0.843634
0.773557
0.931125
0.89788
0.814751
0.879261
0.955227
0.851809
0.79836
0.93169
0.836346
0.876912
0.852399
0.851333
0.947127
0.869678
0.818305
0.747637
0.972961
0.839668
0.904101
0.825953
0.875155
0.938371
0.746165
0.753388
0.921326
0.72984
0.731882
0.938387
0.789237
0.880833
0.662462
0.868964
0.855831
0.870467
0.757223
0.764745
0.896169
0.891831
0.901724
0.890972
0.794612
0.819478
0.752441
0.893054
0.920412
0.771245
0.877162
0.703568
0.842817
0.835373
0.903156
0.851618
0.882318
0.813587
0.796596
0.919923
0.814649
0.948087
0.809759
0.826654
0.902443
0.870673
0.881302
0.921942
0.831722
0.912012
0.752234
0.858123
0.899468
0.907333
0.775794
0.902184
0.792194
0.896274
0.750425
0.88926
0.927248
0.862005
0.927932
0.864038
0.905622
0.930681
0.921449
0.811152
0.78266
0.811963
0.780461
1.05934
0.812402
0.817652
0.881693
0.821726
0.943078
0.795766
0.964464
0.847794
0.891933
0.79046
0.897342
0.902667
0.886953
0.865129
0.835051
0.816507
0.79078
0.942303
0.833435
0.777011
0.83262
0.82688
0.698759
0.879273
0.717896
0.920802
0.947475
0.795507
0.828538
0.722033
0.81063
0.871888
0.944145
0.772089
0.804763
0.776399
0.820941
0.873563
0.775061
0.886009
0.837717
0.887436
0.942901
0.885096
0.795159
0.985083
0.835049
0.850127
0.715115
0.695491
0.794237
0.822754
0.921673
0.942887
0.720318
0.913025
0.916616
0.832338
0.85034
1.04008
0.884946
0.857127
0.761576
0.831344
0.74186
0.824588
0.831136
0.793923
0.841736
0.829002
0.808892
0.894096
0.734805
0.853923
0.826799
0.83607
0.78169
0.750085
0.954087
