1	2.3027
2	2.30203
3	2.29967
4	2.30047
5	2.29192
6	2.27809
7	2.28069
8	2.27172
9	2.28605
10	2.27742
11	2.26254
12	2.23851
13	2.21891
14	2.19331
15	2.1803
16	2.17033
17	2.13268
18	2.18288
19	2.26926
20	2.2015
21	2.25452
22	2.04325
23	2.14416
24	2.05235
25	1.93892
26	2.11948
27	2.12317
28	2.07089
29	1.9683
30	2.11593
31	1.90547
32	2.08908
33	1.97356
34	2.01565
35	2.06246
36	1.89901
37	2.10811
38	1.96211
39	1.95613
40	2.11203
41	2.02069
42	2.0335
43	1.97233
44	2.01666
45	2.04305
46	1.93965
47	1.94564
48	1.82706
49	1.93277
50	1.90816
51	1.97556
52	2.0821
53	2.07759
54	1.92691
55	1.96287
56	1.8165
57	1.77112
58	1.94931
59	1.87396
60	1.82193
61	1.76086
62	1.80019
63	1.83944
64	1.78914
65	1.87737
66	1.73916
67	1.95535
68	1.64723
69	1.89388
70	1.90046
71	1.78975
72	1.80507
73	1.5544
74	1.85884
75	1.82252
76	1.73033
77	1.9141
78	1.78441
79	1.8815
80	1.66763
81	1.71081
82	1.71623
83	1.71211
84	1.88372
85	1.83136
86	1.6332
87	1.67991
88	1.86908
89	1.71967
90	2.09058
91	1.76658
92	1.6558
93	1.74695
94	1.72471
95	1.82863
96	1.76025
97	1.78499
98	1.99032
99	1.68204
100	1.81675
101	1.84677
102	1.88572
103	1.92769
104	1.77712
105	1.92444
106	1.91295
107	1.75276
108	1.63336
109	1.66475
110	1.69279
111	1.86298
112	1.77264
113	1.7166
114	1.5924
115	1.6886
116	1.68341
117	1.45078
118	1.6012
119	1.75037
120	1.82162
121	1.70708
122	1.50045
123	1.89361
124	1.72264
125	1.63936
126	1.77143
127	1.90118
128	1.67669
129	1.64104
130	1.84992
131	1.74858
132	1.79656
133	1.82827
134	1.65658
135	1.77996
136	1.68149
137	1.69562
138	1.68869
139	1.61306
140	1.80505
141	1.6251
142	1.65876
143	1.56523
144	1.7294
145	1.67918
146	1.47109
147	1.69229
148	1.75936
149	1.5541
150	1.69737
151	1.82603
152	1.7884
153	1.57955
154	1.63753
155	1.75756
156	1.73737
157	1.73807
158	1.75203
159	1.69059
160	1.75824
161	1.63412
162	1.60498
163	1.57784
164	1.60904
165	1.61084
166	1.61632
167	1.54255
168	1.52613
169	1.53955
170	1.41407
171	1.46709
172	1.64299
173	1.64508
174	1.47556
175	1.57189
176	1.58224
177	1.62779
178	1.645
179	1.46801
180	1.71935
181	1.43138
182	1.7363
183	1.48136
184	1.63383
185	1.55865
186	1.54989
187	1.51985
188	1.6164
189	1.43001
190	1.50232
191	1.52816
192	1.64971
193	1.59644
194	1.44421
195	1.50883
196	1.66272
197	1.5426
198	1.59466
199	1.37824
200	1.56521
201	1.6352
202	1.33424
203	1.75407
204	1.52306
205	1.74403
206	1.53703
207	1.43713
208	1.43822
209	1.52712
210	1.33938
211	1.55524
212	1.4048
213	1.51123
214	1.53489
215	1.5856
216	1.47198
217	1.25755
218	1.51572
219	1.63294
220	1.49077
221	1.47914
222	1.33139
223	1.55304
224	1.53986
225	1.52935
226	1.36932
227	1.35453
228	1.52626
229	1.55641
230	1.59223
231	1.5319
232	1.35249
233	1.55558
234	1.3774
235	1.46946
236	1.44398
237	1.26133
238	1.35265
239	1.3561
240	1.55578
241	1.34237
242	1.41914
243	1.46347
244	1.41725
245	1.36165
246	1.39852
247	1.42411
248	1.53132
249	1.60794
250	1.28944
251	1.40795
252	1.44946
253	1.54313
254	1.32418
255	1.63494
256	1.31438
257	1.47172
258	1.44116
259	1.4087
260	1.55919
261	1.27557
262	1.36419
263	1.5988
264	1.31604
265	1.39832
266	1.45807
267	1.30136
268	1.45389
269	1.53985
270	1.55144
271	1.42732
272	1.34937
273	1.62441
274	1.31966
275	1.47809
276	1.4236
277	1.42615
278	1.3601
279	1.54112
280	1.64193
281	1.38685
282	1.4461
283	1.39651
284	1.54424
285	1.42754
286	1.61838
287	1.4403
288	1.44667
289	1.31552
290	1.24934
291	1.50631
292	1.52567
293	1.35003
294	1.33167
295	1.42192
296	1.39611
297	1.61061
298	1.37742
299	1.44306
300	1.26312
301	1.31201
302	1.49818
303	1.37314
304	1.26563
305	1.37379
306	1.39173
307	1.50714
308	1.5982
309	1.46039
310	1.26287
311	1.2808
312	1.34587
313	1.3773
314	1.41188
315	1.50648
316	1.46394
317	1.48255
318	1.45369
319	1.53843
320	1.3434
321	1.48273
322	1.27442
323	1.5181
324	1.43551
325	1.33827
326	1.39427
327	1.44545
328	1.48291
329	1.63974
330	1.58641
331	1.60151
332	1.30702
333	1.47378
334	1.48555
335	1.49981
336	1.68164
337	1.67774
338	1.29244
339	1.3865
340	1.44038
341	1.52101
342	1.18352
343	1.34682
344	1.50254
345	1.50225
346	1.29157
347	1.25514
348	1.58015
349	1.41298
350	1.43582
351	1.26132
352	1.55597
353	1.33427
354	1.39955
355	1.3214
356	1.27235
357	1.51125
358	1.42288
359	1.35758
360	1.47588
361	1.39744
362	1.34253
363	1.39756
364	1.27885
365	1.40689
366	1.3662
367	1.26122
368	1.33312
369	1.54264
370	1.59133
371	1.29483
372	1.4683
373	1.37315
374	1.43813
375	1.51606
376	1.40255
377	1.39577
378	1.39853
379	1.25233
380	1.38761
381	1.39497
382	1.4267
383	1.4642
384	1.31315
385	1.22992
386	1.14218
387	1.46396
388	1.17304
389	1.14388
390	1.30686
391	1.42786
392	1.26606
393	1.31652
394	1.26277
395	1.28604
396	1.35981
397	1.72179
398	1.38201
399	1.23048
400	1.25558
401	1.1828
402	1.58012
403	1.51004
404	1.19978
405	1.48682
406	1.1957
407	1.29574
408	1.45814
409	1.43091
410	1.43693
411	1.37341
412	1.41475
413	1.30339
414	1.30313
415	1.31345
416	1.58606
417	1.27057
418	1.36459
419	1.32165
420	1.36615
421	1.46578
422	1.3835
423	1.25885
424	1.14019
425	1.15939
426	1.50978
427	1.34576
428	1.52444
429	1.41538
430	1.39758
431	1.29481
432	1.19427
433	1.50418
434	1.2153
435	1.40735
436	1.24919
437	1.17249
438	1.57253
439	1.50823
440	1.12942
441	1.34675
442	1.44765
443	1.40654
444	1.45466
445	1.40285
446	1.3661
447	1.37809
448	1.37038
449	1.45236
450	1.56201
451	1.05847
452	1.34463
453	1.41085
454	1.31951
455	1.15741
456	1.15008
457	1.26704
458	1.41046
459	1.21703
460	1.38332
461	1.39468
462	1.19352
463	1.27835
464	1.34222
465	1.30708
466	1.6225
467	1.31174
468	1.24283
469	1.25567
470	1.31485
471	1.42712
472	1.08504
473	1.18303
474	1.26082
475	1.40072
476	1.05103
477	1.11515
478	1.24893
479	1.4908
480	1.36545
481	1.58323
482	1.30718
483	1.28079
484	1.36414
485	1.20602
486	1.32856
487	1.13688
488	1.35476
489	1.24674
490	1.30737
491	1.25274
492	1.17801
493	1.08535
494	1.35412
495	1.3294
496	1.2297
497	1.40955
498	1.15587
499	1.0367
500	1.39451
501	1.27568
502	1.23416
503	1.13927
504	1.25287
505	1.26301
506	1.11363
507	1.24325
508	1.43729
509	1.33981
510	1.12512
511	1.3186
512	1.15238
513	1.12756
514	1.27682
515	1.17262
516	1.25452
517	1.11845
518	1.23073
519	1.10848
520	1.27593
521	1.22995
522	1.13015
523	1.27406
524	1.13683
525	1.16582
526	1.23952
527	1.1434
528	1.45194
529	1.07861
530	1.32814
531	1.32246
532	1.41321
533	1.13293
534	1.56423
535	1.23534
536	1.13436
537	1.14465
538	1.13509
539	1.23764
540	1.43943
541	1.26894
542	1.53398
543	0.998686
544	1.17011
545	1.29728
546	1.13757
547	1.21468
548	1.24626
549	1.35858
550	1.29968
551	1.26094
552	1.47451
553	1.25984
554	1.14723
555	1.31155
556	1.22662
557	1.14037
558	1.22289
559	1.23386
560	1.175
561	1.27492
562	1.16644
563	1.24789
564	1.00637
565	1.34415
566	1.15149
567	1.28279
568	1.05465
569	1.34714
570	1.35742
571	1.34493
572	1.09351
573	1.09599
574	1.20371
575	1.20793
576	1.35235
577	1.1768
578	1.2704
579	1.2918
580	1.2139
581	1.24477
582	1.19644
583	1.3224
584	1.06587
585	1.32231
586	1.09213
587	1.09216
588	1.18396
589	1.04756
590	1.57028
591	1.26886
592	1.10055
593	1.23165
594	1.19467
595	1.31499
596	1.00137
597	1.19459
598	1.42862
599	1.13707
600	1.21278
601	1.1557
602	1.23778
603	1.33957
604	1.35723
605	1.42066
606	1.30066
607	1.16081
608	1.01097
609	1.28272
610	1.23089
611	1.31729
612	1.22463
613	1.1634
614	1.11951
615	1.0323
616	1.13535
617	1.01029
618	1.1365
619	1.2405
620	1.30313
621	1.19317
622	1.14334
623	1.34173
624	1.29886
625	1.23669
626	1.2201
627	1.38677
628	1.20122
629	1.13713
630	1.21396
631	1.2455
632	1.00008
633	1.27185
634	1.14509
635	1.23518
636	1.0883
637	1.27041
638	1.43688
639	1.10027
640	1.35144
641	1.1948
642	1.20182
643	1.10153
644	1.1872
645	1.28095
646	1.08535
647	1.21112
648	1.13574
649	1.11023
650	1.18251
651	1.37544
652	1.22589
653	1.17954
654	1.16577
655	1.23614
656	1.24331
657	1.25536
658	1.09378
659	1.26694
660	1.29894
661	1.11963
662	1.18242
663	1.07936
664	1.27807
665	1.17636
666	1.21661
667	1.16509
668	1.26729
669	1.11634
670	1.15442
671	0.985116
672	1.1419
673	1.03148
674	1.08575
675	1.10831
676	1.18243
677	1.24175
678	1.36935
679	1.02579
680	1.10957
681	1.09724
682	1.28781
683	1.12124
684	1.29483
685	1.2347
686	1.30789
687	1.29577
688	1.1384
689	1.11355
690	1.17076
691	1.10508
692	1.20354
693	1.26427
694	1.07633
695	1.10567
696	1.29026
697	1.17901
698	1.33887
699	1.2203
700	1.16757
701	1.12307
702	1.04718
703	1.41925
704	1.11168
705	1.2177
706	1.16424
707	1.07246
708	1.0106
709	1.06627
710	1.03083
711	0.906659
712	1.07988
713	1.20269
714	1.07237
715	1.10637
716	1.05881
717	0.919145
718	1.27394
719	1.16336
720	1.17884
721	1.19335
722	1.06024
723	1.07336
724	1.23338
725	1.25708
726	1.00976
727	1.1095
728	1.22552
729	1.23175
730	1.37315
731	1.09064
732	1.06674
733	1.1043
734	0.984857
735	1.11415
736	1.05982
737	1.06842
738	1.16567
739	1.01334
740	1.07607
741	0.989151
742	1.07873
743	1.0763
744	1.15126
745	0.964294
746	1.03276
747	1.09568
748	1.21881
749	1.24108
750	0.952513
751	1.11377
752	1.06739
753	1.25434
754	0.967555
755	1.37342
756	1.0189
757	1.25356
758	1.013
759	0.995352
760	1.1508
761	1.03994
762	0.997745
763	1.11973
764	0.942643
765	1.12456
766	1.1376
767	1.18567
768	1.02928
769	1.25999
770	1.37216
771	1.27769
772	1.10919
773	1.35749
774	0.965689
775	1.0782
776	1.15145
777	0.971258
778	1.01519
779	1.16559
780	1.11439
781	1.02678
782	1.08543
783	0.96121
784	1.18839
785	0.997792
786	1.28583
787	1.04724
788	1.17764
789	0.996302
790	0.903475
791	1.1442
792	1.2076
793	1.19102
794	0.915003
795	1.07141
796	1.10023
797	1.30199
798	0.990901
799	1.06622
800	0.898858
801	1.04712
802	1.16924
803	0.960684
804	0.913945
805	1.13319
806	0.990235
807	1.20209
808	1.55953
809	1.31676
810	0.918066
811	1.09477
812	1.14216
813	1.0264
814	1.04466
815	1.12333
816	1.16602
817	1.12929
818	1.13973
819	1.12467
820	1.10712
821	1.20619
822	0.917103
823	1.25408
824	1.1023
825	1.03884
826	1.08199
827	1.00521
828	1.21353
829	1.27731
830	1.23255
831	1.27175
832	1.06772
833	1.24165
834	1.23451
835	1.16926
836	1.38377
837	1.34488
838	1.06279
839	1.09967
840	1.22836
841	1.18869
842	0.83053
843	1.03288
844	1.33357
845	1.26766
846	0.976026
847	0.965872
848	1.20164
849	0.95802
850	1.19191
851	1.00712
852	1.19344
853	1.01733
854	1.09109
855	1.10998
856	0.968039
857	1.17829
858	1.07797
859	1.02044
860	1.18178
861	1.18289
862	1.08835
863	1.20284
864	0.895026
865	1.15993
866	1.22822
867	1.11114
868	1.01422
869	1.20502
870	1.15758
871	1.08446
872	1.20617
873	1.26213
874	1.17175
875	1.24613
876	1.11022
877	1.07455
878	1.1274
879	0.999218
880	1.13769
881	1.15376
882	1.15419
883	1.1407
884	1.17073
885	0.982992
886	0.889788
887	1.14309
888	0.932353
889	0.78238
890	0.959278
891	1.13277
892	0.998233
893	0.987225
894	1.0105
895	1.09113
896	0.891164
897	1.29799
898	1.1632
899	1.00716
900	1.03315
901	1.01129
902	1.29395
903	1.12646
904	1.10759
905	1.27733
906	0.949171
907	1.04634
908	1.05697
909	1.09957
910	1.18847
911	1.04355
912	1.16291
913	1.10218
914	1.02735
915	1.0596
916	1.25422
917	0.927356
918	0.974408
919	1.14696
920	1.15259
921	1.22294
922	1.14635
923	0.988951
924	0.901805
925	1.03483
926	1.34624
927	1.07294
928	1.10689
929	0.99111
930	1.29698
931	1.09494
932	0.878879
933	1.41269
934	0.935087
935	1.14459
936	1.06887
937	0.941032
938	1.13665
939	1.27583
940	0.89416
941	0.986398
942	1.13652
943	1.04837
944	1.23196
945	1.12178
946	1.01574
947	1.06288
948	1.02797
949	1.12821
950	1.18691
951	0.775495
952	1.11917
953	1.13444
954	0.994944
955	0.885924
956	0.834002
957	1.0586
958	0.8877
959	0.992115
960	1.10167
961	0.917455
962	0.953508
963	1.08082
964	1.17544
965	1.07665
966	1.29724
967	0.987476
968	0.938527
969	1.05223
970	1.09602
971	1.26956
972	0.842305
973	0.90768
974	1.01568
975	1.11017
976	0.841486
977	0.90728
978	1.09592
979	1.20628
980	1.08628
981	1.3074
982	0.978548
983	1.0593
984	0.979791
985	0.938467
986	1.10371
987	0.922788
988	1.14293
989	1.02827
990	1.03604
991	1.011
992	0.793288
993	1.02722
994	1.18938
995	1.14457
996	1.01059
997	1.11202
998	1.0172
999	0.938142
1000	1.11532
1001	0.934793
1002	1.06344
1003	1.03791
1004	1.11998
1005	0.984405
1006	0.866656
1007	1.03807
1008	1.09586
1009	1.10494
1010	0.973283
1011	0.963554
1012	0.952202
1013	0.925594
1014	1.12182
1015	1.03522
1016	0.993221
1017	0.904042
1018	1.07989
1019	0.955324
1020	1.10303
1021	1.07751
1022	0.938068
1023	0.946707
1024	0.913029
1025	0.925029
1026	1.06738
1027	0.958576
1028	1.10039
1029	0.766
1030	1.10964
1031	1.09578
1032	1.08624
1033	0.941431
1034	1.29601
1035	1.08753
1036	0.976504
1037	0.978783
1038	0.846784
1039	1.03648
1040	1.07195
1041	1.03141
1042	1.22227
1043	0.800092
1044	0.986399
1045	1.04026
1046	0.887294
1047	1.00126
1048	0.978805
1049	1.16155
1050	1.25558
1051	1.2005
1052	1.15669
1053	1.05388
1054	0.948396
1055	1.02217
1056	1.0469
1057	0.947993
1058	0.986001
1059	1.10596
1060	0.955206
1061	1.04181
1062	0.819376
1063	0.933944
1064	0.863215
1065	1.17458
1066	0.87403
1067	0.964381
1068	0.827604
1069	1.16034
1070	0.952888
1071	1.18512
1072	1.00819
1073	0.925112
1074	0.989479
1075	0.972404
1076	1.0955
1077	0.930977
1078	1.04764
1079	1.05133
1080	1.04666
1081	0.981658
1082	1.00433
1083	1.1053
1084	0.922202
1085	1.05149
1086	0.89786
1087	0.917324
1088	0.935056
1089	0.792791
1090	1.38476
1091	0.980077
1092	0.936998
1093	1.10294
1094	0.970014
1095	1.08296
1096	0.824515
1097	0.986243
1098	1.28131
1099	0.940003
1100	1.02909
1101	1.04062
1102	1.09511
1103	1.20668
1104	1.25297
1105	1.17404
1106	0.993902
1107	0.910349
1108	0.912834
1109	1.1142
1110	1.06785
1111	1.03193
1112	1.03476
1113	1.04334
1114	0.927631
1115	0.858338
1116	0.955306
1117	0.868843
1118	0.958579
1119	0.925224
1120	1.05106
1121	1.03447
1122	0.967831
1123	1.19661
1124	1.13712
1125	1.07652
1126	1.111
1127	1.07602
1128	0.938428
1129	0.90113
1130	1.0873
1131	1.13511
1132	0.784103
1133	1.05
1134	0.957686
1135	1.16981
1136	0.89349
1137	1.15736
1138	1.28481
1139	0.966739
1140	1.08979
1141	1.01315
1142	1.06294
1143	0.948767
1144	1.00201
1145	1.12569
1146	0.889605
1147	1.12997
1148	0.972996
1149	1.04869
1150	1.07568
1151	1.19622
1152	1.01594
1153	1.03982
1154	1.05945
1155	0.925281
1156	1.00135
1157	1.09847
1158	0.979477
1159	1.05166
1160	1.08899
1161	0.817211
1162	0.964148
1163	0.914699
1164	1.08356
1165	0.986211
1166	1.05163
1167	1.07004
1168	1.01801
1169	0.855887
1170	1.07537
1171	0.810187
1172	0.994074
1173	0.810422
1174	1.0046
1175	0.938986
1176	1.02757
1177	1.06051
1178	1.1597
1179	0.95877
1180	0.873724
1181	0.862044
1182	0.981058
1183	0.921916
1184	1.0506
1185	0.996162
1186	1.1051
1187	1.01154
1188	0.92086
1189	0.88829
1190	0.995784
1191	0.951007
1192	1.01052
1193	1.00655
1194	0.987506
1195	0.990222
1196	1.22139
1197	1.03916
1198	1.13602
1199	1.09611
1200	0.997237
1201	0.956237
1202	0.922257
1203	1.07275
1204	0.859494
1205	1.08897
1206	0.970832
1207	0.855781
1208	0.879893
1209	0.923721
1210	0.995137
1211	0.827214
1212	0.838485
1213	1.06174
1214	0.975081
1215	0.943284
1216	0.957628
1217	0.772748
1218	1.08156
1219	0.937998
1220	0.999888
1221	1.12742
1222	1.06192
1223	1.01685
1224	0.98731
1225	1.17394
1226	0.986661
1227	0.948965
1228	1.05265
1229	1.13487
1230	1.23231
1231	0.992474
1232	0.946225
1233	0.893556
1234	0.803601
1235	1.08351
1236	0.898056
1237	0.894877
1238	0.973455
1239	0.819009
1240	0.893681
1241	0.806202
1242	0.930828
1243	0.909786
1244	0.999993
1245	0.840308
1246	0.904111
1247	0.780927
1248	1.21081
1249	1.074
1250	0.755414
1251	0.85281
1252	0.880165
1253	1.00047
1254	0.797001
1255	1.15515
1256	0.762034
1257	1.14898
1258	0.929533
1259	0.870154
1260	0.965004
1261	0.801592
1262	0.807556
1263	1.05424
1264	0.867671
1265	1.13229
1266	0.931936
1267	1.11317
1268	1.00129
1269	1.17807
1270	1.22129
1271	1.12408
1272	0.969707
1273	1.20885
1274	0.83428
1275	0.98668
1276	1.00327
1277	0.786479
1278	0.86403
1279	0.9795
1280	0.995169
1281	0.937313
1282	0.987668
1283	0.756369
1284	0.983762
1285	0.903586
1286	1.10259
1287	0.884677
1288	1.04266
1289	0.824833
1290	0.744387
1291	1.02825
1292	1.08452
1293	0.963965
1294	0.73368
1295	0.814763
1296	0.942366
1297	1.08483
1298	0.857712
1299	0.948846
1300	0.795669
1301	0.775733
1302	1.08461
1303	0.755193
1304	0.776616
1305	1.00641
1306	0.90546
1307	1.05697
1308	1.34663
1309	1.16115
1310	0.822493
1311	1.01847
1312	1.036
1313	0.863711
1314	0.853272
1315	0.901913
1316	0.899894
1317	0.963944
1318	0.976803
1319	1.00158
1320	0.975231
1321	1.17073
1322	0.836535
1323	1.14895
1324	0.898247
1325	0.928201
1326	0.937905
1327	0.805858
1328	0.968046
1329	1.08103
1330	1.0824
1331	1.14195
1332	0.983464
1333	1.04083
1334	1.12504
1335	0.989315
1336	1.17299
1337	1.19159
1338	0.804142
1339	1.00121
1340	1.05397
1341	1.06973
1342	0.717609
1343	0.866603
1344	1.0921
1345	0.96951
1346	0.816511
1347	0.828915
1348	1.08677
1349	0.854208
1350	0.970476
1351	0.898864
1352	1.09025
1353	0.937142
1354	1.13672
1355	0.980321
1356	0.836683
1357	0.974712
1358	0.913962
1359	0.805882
1360	1.02964
1361	0.908898
1362	0.94901
1363	1.01166
1364	0.719467
1365	1.0478
1366	0.93394
1367	0.997125
1368	0.885883
1369	1.02861
1370	1.06337
1371	1.02388
1372	1.00879
1373	1.10154
1374	1.0665
1375	0.920622
1376	0.964086
1377	0.916889
1378	0.915133
1379	0.878091
1380	1.04223
1381	1.02444
1382	0.936033
1383	0.97354
1384	0.992272
1385	0.892129
1386	0.692772
1387	0.936425
1388	0.803595
1389	0.593467
1390	0.837719
1391	0.96079
1392	0.85611
1393	0.772276
1394	0.84118
1395	0.932827
1396	0.709612
1397	1.17039
1398	1.13394
1399	0.894669
1400	0.877096
1401	0.868674
1402	1.13326
1403	0.939409
1404	0.961687
1405	1.10787
1406	0.899276
1407	1.00388
1408	0.815986
1409	0.967713
1410	1.07987
1411	0.88054
1412	0.88872
1413	0.944582
1414	0.878976
1415	0.92141
1416	1.09768
1417	0.760148
1418	0.827655
1419	0.957375
1420	1.07108
1421	1.01468
1422	0.977608
1423	0.893657
1424	0.876249
1425	0.92704
1426	1.3444
1427	0.913666
1428	0.885433
1429	0.814017
1430	1.23426
1431	1.01736
1432	0.801794
1433	1.28313
1434	0.841326
1435	1.01067
1436	0.949683
1437	0.789144
1438	1.08174
1439	1.06267
1440	0.857595
1441	0.760325
1442	0.972884
1443	0.874779
1444	1.0708
1445	0.989964
1446	0.85652
1447	0.860624
1448	0.828576
1449	0.994347
1450	1.01446
1451	0.679427
1452	0.951064
1453	1.04541
1454	0.871592
1455	0.757818
1456	0.712006
1457	0.911732
1458	0.770494
1459	0.774233
1460	0.954213
1461	0.808419
1462	0.847065
1463	1.0037
1464	0.951406
1465	0.909483
1466	1.17287
1467	0.917735
1468	0.857199
1469	0.917957
1470	0.857492
1471	1.0753
1472	0.74531
1473	0.789261
1474	0.970117
1475	0.915279
1476	0.707067
1477	0.797848
1478	1.02028
1479	1.03995
1480	0.991419
1481	1.23816
1482	0.883432
1483	0.959606
1484	0.828396
1485	0.866379
1486	0.924474
1487	0.826099
1488	1.11723
1489	0.857624
1490	0.880463
1491	0.827102
1492	0.717445
1493	0.842327
1494	1.14198
1495	1.04704
1496	0.843169
1497	1.07361
1498	0.962406
1499	0.742367
1500	0.903274
1501	0.868421
1502	1.01354
1503	0.970155
1504	1.03136
1505	0.817097
1506	0.803748
1507	0.981052
1508	1.00409
1509	1.07173
1510	0.847836
1511	0.780306
1512	0.846315
1513	0.858072
1514	1.0845
1515	0.930813
1516	0.940411
1517	0.86086
1518	0.953236
1519	0.870765
1520	1.00529
1521	0.977284
1522	0.835027
1523	0.761448
1524	0.778458
1525	0.71135
1526	0.902494
1527	0.795599
1528	0.966603
1529	0.643115
1530	0.963054
1531	0.899492
1532	0.923111
1533	0.881222
1534	1.11775
1535	0.926907
1536	0.833331
1537	0.820609
1538	0.636324
1539	0.992916
1540	0.917238
1541	0.926592
1542	0.941425
1543	0.723998
1544	0.848823
1545	0.929541
1546	0.743648
1547	0.852643
1548	0.88957
1549	1.04176
1550	1.131
1551	1.13531
1552	1.06769
1553	0.879444
1554	0.781588
1555	0.92516
1556	0.930756
1557	0.922554
1558	0.842742
1559	0.983977
1560	0.822553
1561	0.940781
1562	0.772965
1563	0.783615
1564	0.789343
1565	1.09972
1566	0.77362
1567	0.860635
1568	0.711971
1569	0.967968
1570	0.796279
1571	1.12008
1572	0.853753
1573	0.819796
1574	0.820155
1575	0.786037
1576	0.965866
1577	0.743808
1578	0.885991
1579	1.0631
1580	0.927629
1581	0.855573
1582	0.881472
1583	1.04374
1584	0.765606
1585	0.947954
1586	0.828552
1587	0.766798
1588	0.881323
1589	0.665617
1590	1.14178
1591	0.871095
1592	0.765698
1593	0.987402
1594	0.876397
1595	0.968342
1596	0.708259
1597	0.820578
1598	1.04472
1599	0.885605
1600	0.945493
1601	0.916679
1602	0.937292
1603	1.02914
1604	1.04239
1605	1.12154
1606	0.952666
1607	0.865589
1608	0.844469
1609	0.993694
1610	0.97336
1611	0.99036
1612	0.994894
1613	0.916584
1614	0.857462
1615	0.78988
1616	0.810553
1617	0.771188
1618	0.913733
1619	0.883424
1620	0.913703
1621	0.896912
1622	0.875206
1623	1.08128
1624	1.04611
1625	0.916259
1626	1.02914
1627	0.948451
1628	0.863061
1629	0.819987
1630	0.910357
1631	1.01086
1632	0.673661
1633	0.985594
1634	0.863488
1635	1.14233
1636	0.749014
1637	1.07932
1638	1.16971
1639	0.886502
1640	0.980814
1641	0.877479
1642	0.976804
1643	0.830218
1644	0.887629
1645	0.978502
1646	0.793904
1647	1.07708
1648	0.813244
1649	0.916475
1650	0.947325
1651	0.975512
1652	0.851103
1653	0.913572
1654	0.908196
1655	0.71495
1656	0.870872
1657	1.05245
1658	0.945342
1659	0.911232
1660	0.928282
1661	0.746824
1662	0.894113
1663	0.810478
1664	0.986795
1665	0.911803
1666	0.980199
1667	0.88809
1668	0.857478
1669	0.743096
1670	0.977854
1671	0.720146
1672	0.824072
1673	0.750891
1674	0.938121
1675	0.825741
1676	0.940947
1677	0.99582
1678	1.12119
1679	0.794653
1680	0.740694
1681	0.830514
1682	0.849991
1683	0.863373
1684	0.997442
1685	0.869974
1686	0.958393
1687	0.883518
1688	0.848014
1689	0.768707
1690	0.923356
1691	0.879983
1692	0.85975
1693	0.895164
1694	0.917599
1695	0.932105
1696	1.10033
1697	0.861567
1698	1.08158
1699	0.877462
1700	0.885072
1701	0.816418
1702	0.885722
1703	0.957371
1704	0.745629
1705	0.93246
1706	0.881169
1707	0.749241
1708	0.883405
1709	0.817551
1710	0.92906
1711	0.790414
1712	0.775795
1713	0.923687
1714	0.903663
1715	0.847712
1716	0.860437
1717	0.704426
1718	0.965922
1719	0.847045
1720	0.851163
1721	0.961964
1722	1.0063
1723	0.916323
1724	0.910517
1725	1.01788
1726	0.911443
1727	0.856499
1728	0.883813
1729	0.948717
1730	1.07471
1731	0.828219
1732	0.851985
1733	0.777484
1734	0.719857
1735	1.01606
1736	0.840888
1737	0.792631
1738	0.855201
1739	0.755171
1740	0.801026
1741	0.763827
1742	0.906585
1743	0.780893
1744	0.932723
1745	0.768546
1746	0.862733
1747	0.676397
1748	1.19297
1749	0.985467
1750	0.72226
1751	0.759079
1752	0.796867
1753	0.966788
1754	0.726396
1755	1.04495
1756	0.702645
1757	1.01838
1758	0.844709
1759	0.802433
1760	0.873946
1761	0.701302
1762	0.737535
1763	0.978687
1764	0.771579
1765	1.10198
1766	0.842009
1767	0.930633
1768	0.857719
1769	1.03759
1770	1.0037
1771	1.00803
1772	0.997721
1773	1.02479
1774	0.843708
1775	0.872228
1776	0.948743
1777	0.733112
1778	0.837619
1779	0.990265
1780	1.03655
1781	0.840622
1782	0.973809
1783	0.713791
1784	0.901969
1785	0.865101
1786	1.01332
1787	0.814664
1788	0.958633
1789	0.814861
1790	0.659751
1791	1.01532
1792	0.98851
1793	0.892488
1794	0.72512
1795	0.716681
1796	0.753464
1797	1.01231
1798	0.899695
1799	0.895301
1800	0.635849
1801	0.676554
1802	1.03082
1803	0.696314
1804	0.750013
1805	0.852016
1806	0.861059
1807	0.951001
1808	1.30139
1809	1.19605
1810	0.806232
1811	0.861464
1812	0.917378
1813	0.79738
1814	0.778751
1815	0.835815
1816	0.880281
1817	0.860466
1818	0.836386
1819	0.92795
1820	0.856311
1821	1.06162
1822	0.79399
1823	1.08855
1824	0.765582
1825	0.836636
1826	0.79186
1827	0.761445
1828	0.848894
1829	1.01719
1830	0.897001
1831	1.01742
1832	0.870114
1833	1.01565
1834	0.997922
1835	0.864089
1836	1.14121
1837	1.0866
1838	0.688904
1839	0.888273
1840	0.933376
1841	0.961081
1842	0.708722
1843	0.777157
1844	0.959165
1845	0.876026
1846	0.702022
1847	0.787244
1848	1.02932
1849	0.804301
1850	0.886944
1851	0.834312
1852	1.06106
1853	0.870018
1854	1.00884
1855	0.949384
1856	0.782044
1857	0.841462
1858	0.835565
1859	0.679051
1860	0.924255
1861	0.790353
1862	0.902145
1863	0.97117
1864	0.604186
1865	0.931411
1866	0.773336
1867	0.931359
1868	0.76417
1869	0.912511
1870	1.04555
1871	0.933407
1872	0.935901
1873	0.981991
1874	1.04363
1875	0.741109
1876	0.898466
1877	0.799725
1878	0.846423
1879	0.83907
1880	0.946494
1881	0.920914
1882	0.900277
1883	0.913984
1884	0.897599
1885	0.780387
1886	0.630839
1887	0.881792
1888	0.708784
1889	0.548907
1890	0.762905
1891	0.813029
1892	0.80067
1893	0.726765
1894	0.789923
1895	0.922907
1896	0.674354
1897	0.98906
1898	1.10885
1899	0.79337
1900	0.818849
1901	0.851871
1902	1.03579
1903	0.813768
1904	0.872966
1905	1.0329
1906	0.852017
1907	0.96097
1908	0.738164
1909	0.865708
1910	0.974579
1911	0.836608
1912	0.764009
1913	0.879
1914	0.826162
1915	0.771038
1916	1.08129
1917	0.69679
1918	0.772557
1919	0.816339
1920	0.934294
1921	0.956278
1922	0.839541
1923	0.730596
1924	0.77711
1925	0.805759
1926	1.20763
1927	0.804919
1928	0.83412
1929	0.8284
1930	1.03181
1931	0.874737
1932	0.736481
1933	1.15377
1934	0.73643
1935	0.877045
1936	0.891417
1937	0.718837
1938	0.948779
1939	0.873442
1940	0.764345
1941	0.651167
1942	0.810625
1943	0.766891
1944	0.918395
1945	0.894794
1946	0.705454
1947	0.69333
1948	0.739318
1949	0.94231
1950	0.925909
1951	0.560982
1952	0.777011
1953	0.9288
1954	0.764243
1955	0.637356
1956	0.673029
1957	0.864422
1958	0.666212
1959	0.67882
1960	0.908154
1961	0.791276
1962	0.725785
1963	0.958631
1964	0.822658
1965	0.769956
1966	1.09522
1967	0.875929
1968	0.660884
1969	0.787538
1970	0.751095
1971	0.936356
1972	0.628193
1973	0.716751
1974	0.830362
1975	0.840766
1976	0.649458
1977	0.770987
1978	0.966427
1979	0.947964
1980	0.901653
1981	1.19475
1982	0.765862
1983	0.88492
1984	0.75289
1985	0.797083
1986	0.827629
1987	0.72284
1988	0.970139
1989	0.779279
1990	0.76959
1991	0.7353
1992	0.6736
1993	0.803044
1994	1.10075
1995	1.07225
1996	0.769308
1997	0.982472
1998	0.872294
1999	0.700331
2000	0.809253
2001	0.712887
2002	0.962531
2003	0.926522
2004	0.973243
2005	0.801881
2006	0.748778
2007	0.903091
2008	0.891787
2009	1.05267
2010	0.815484
2011	0.741026
2012	0.833008
2013	0.774984
2014	0.99161
2015	0.836615
2016	0.887635
2017	0.74041
2018	0.883868
2019	0.740333
2020	0.945836
2021	0.870103
2022	0.760742
2023	0.709915
2024	0.670729
2025	0.612508
2026	0.752396
2027	0.687407
2028	0.919838
2029	0.628981
2030	0.838175
2031	0.861704
2032	0.849109
2033	0.850021
2034	0.993816
2035	0.805074
2036	0.74265
2037	0.693384
2038	0.577949
2039	0.920094
2040	0.839623
2041	0.782817
2042	0.828386
2043	0.685868
2044	0.705664
2045	0.832248
2046	0.642527
2047	0.725745
2048	0.773067
2049	1.01686
2050	1.04979
2051	1.07441
2052	1.0112
2053	0.884517
2054	0.737033
2055	0.788631
2056	0.833228
2057	0.881961
2058	0.826662
2059	0.867239
2060	0.722169
2061	0.847142
2062	0.688652
2063	0.716201
2064	0.737038
2065	1.03434
2066	0.700278
2067	0.803336
2068	0.694832
2069	0.866245
2070	0.716133
2071	1.08658
2072	0.846294
2073	0.780487
2074	0.713861
2075	0.69832
2076	0.911621
2077	0.738352
2078	0.749106
2079	0.980403
2080	0.863154
2081	0.852377
2082	0.78345
2083	0.998447
2084	0.727199
2085	0.843118
2086	0.727036
2087	0.723114
2088	0.865936
2089	0.668201
2090	1.00836
2091	0.850072
2092	0.694446
2093	0.936627
2094	0.816997
2095	0.889009
2096	0.657623
2097	0.740524
2098	0.937365
2099	0.844385
2100	0.859751
2101	0.84436
2102	0.816112
2103	0.897979
2104	0.924624
2105	1.12075
2106	0.920524
2107	0.793431
2108	0.818727
2109	0.90348
2110	0.899729
2111	0.915685
2112	0.943117
2113	0.843527
2114	0.833944
2115	0.740963
2116	0.787692
2117	0.712898
2118	0.893136
2119	0.881137
2120	0.841951
2121	0.834343
2122	0.823564
2123	0.970755
2124	0.980646
2125	0.780644
2126	0.893153
2127	0.833371
2128	0.774549
2129	0.719048
2130	0.875558
2131	0.927133
2132	0.665948
2133	0.848381
2134	0.798188
2135	1.05821
2136	0.67487
2137	1.04877
2138	1.04614
2139	0.831754
2140	0.92745
2141	0.785081
2142	0.898216
2143	0.728422
2144	0.775892
2145	0.926756
2146	0.717074
2147	0.959031
2148	0.753005
2149	0.855047
2150	0.854035
2151	0.859871
2152	0.762492
2153	0.804586
2154	0.830313
2155	0.670711
2156	0.802991
2157	0.977637
2158	0.859583
2159	0.79378
2160	0.857022
2161	0.770759
2162	0.770169
2163	0.759253
2164	0.877612
2165	0.870671
2166	0.983214
2167	0.808032
2168	0.747648
2169	0.621324
2170	0.973521
2171	0.690751
2172	0.732004
2173	0.79564
2174	0.868123
2175	0.764754
2176	0.887339
2177	0.896758
2178	0.943991
2179	0.731198
2180	0.617166
2181	0.814993
2182	0.74331
2183	0.84119
2184	0.971768
2185	0.841658
2186	0.926151
2187	0.830726
2188	0.825336
2189	0.643635
2190	0.828232
2191	0.866697
2192	0.809441
2193	0.876162
2194	0.772796
2195	0.896478
2196	1.01436
2197	0.893359
2198	1.05451
2199	0.754856
2200	0.843647
2201	0.770545
2202	0.87485
2203	0.904293
2204	0.758129
2205	0.827967
2206	0.801291
2207	0.705019
2208	0.834294
2209	0.763731
2210	0.832102
2211	0.703808
2212	0.772457
2213	0.849938
2214	0.819753
2215	0.736934
2216	0.825991
2217	0.663529
2218	0.892906
2219	0.789495
2220	0.783356
2221	0.844582
2222	1.01217
2223	0.877368
2224	0.898273
2225	0.90193
2226	0.774174
2227	0.818248
2228	0.772765
2229	0.897896
2230	0.92348
2231	0.777813
2232	0.707227
2233	0.716662
2234	0.718061
2235	0.898129
2236	0.71034
2237	0.715586
2238	0.763669
2239	0.72725
2240	0.753917
2241	0.681369
2242	0.883453
2243	0.70916
2244	0.845502
2245	0.72033
2246	0.810878
2247	0.631016
2248	1.14555
2249	0.893145
2250	0.699103
2251	0.72994
2252	0.711305
2253	0.946668
2254	0.629831
2255	0.957464
2256	0.668989
2257	0.955387
2258	0.815211
2259	0.791004
2260	0.776678
2261	0.657995
2262	0.678571
2263	0.930005
2264	0.656009
2265	0.911385
2266	0.823594
2267	0.898403
2268	0.7679
2269	0.906167
2270	0.866288
2271	0.921537
2272	0.89989
2273	0.939503
2274	0.773221
2275	0.837664
2276	0.875429
2277	0.741731
2278	0.735227
2279	0.923414
2280	0.963178
2281	0.746596
2282	0.821279
2283	0.575306
2284	0.786271
2285	0.792536
2286	0.977186
2287	0.745696
2288	0.896365
2289	0.70199
2290	0.600316
2291	0.92731
2292	0.903775
2293	0.796557
2294	0.612181
2295	0.63178
2296	0.752773
2297	0.956067
2298	0.792943
2299	0.824433
2300	0.591451
2301	0.613339
2302	0.931028
2303	0.635834
2304	0.755615
2305	0.744173
2306	0.736502
2307	0.915348
2308	1.14444
2309	1.11367
2310	0.678202
2311	0.808555
2312	0.86107
2313	0.74878
2314	0.739018
2315	0.709496
2316	0.805485
2317	0.812839
2318	0.778558
2319	0.78143
2320	0.799057
2321	1.04065
2322	0.744785
2323	0.975919
2324	0.73528
2325	0.758731
2326	0.749431
2327	0.68291
2328	0.798622
2329	0.925031
2330	0.839373
2331	0.895948
2332	0.833219
2333	0.935263
2334	0.851882
2335	0.787496
2336	1.04506
2337	1.01511
2338	0.611733
2339	0.792937
2340	0.850909
2341	0.853728
2342	0.693756
2343	0.639898
2344	0.890392
2345	0.831945
2346	0.606665
2347	0.757509
2348	0.968317
2349	0.740146
2350	0.749827
2351	0.75471
2352	1.04882
2353	0.814368
2354	0.957545
2355	0.870674
2356	0.749207
2357	0.82404
2358	0.722489
2359	0.634191
2360	0.874158
2361	0.680643
2362	0.732214
2363	0.842035
2364	0.539031
2365	0.903257
2366	0.665021
2367	0.874367
2368	0.772667
2369	0.884201
2370	0.986615
2371	0.876335
2372	0.904539
2373	0.948164
2374	1.01504
2375	0.681471
2376	0.83185
2377	0.731009
2378	0.811995
2379	0.768275
2380	0.916669
2381	0.959395
2382	0.834726
2383	0.860965
2384	0.814724
2385	0.686692
2386	0.542479
2387	0.868058
2388	0.701941
2389	0.519349
2390	0.706092
2391	0.741149
2392	0.757587
2393	0.673886
2394	0.74689
2395	0.890451
2396	0.645066
2397	0.896577
2398	1.07349
2399	0.697808
2400	0.781699
2401	0.828449
2402	0.923246
2403	0.752598
2404	0.886266
2405	0.995938
2406	0.732348
2407	0.859024
2408	0.738829
2409	0.854017
2410	0.901582
2411	0.809793
2412	0.766003
2413	0.814062
2414	0.757846
2415	0.713391
2416	0.970696
2417	0.655547
2418	0.728309
2419	0.784631
2420	0.894833
2421	0.829046
2422	0.770707
2423	0.655107
2424	0.747773
2425	0.732718
2426	1.14374
2427	0.724859
2428	0.739498
2429	0.807416
2430	0.965357
2431	0.778015
2432	0.642507
2433	1.0419
2434	0.668682
2435	0.858605
2436	0.821807
2437	0.650095
2438	0.883353
2439	0.779192
2440	0.704169
2441	0.597129
2442	0.813434
2443	0.717371
2444	0.857783
2445	0.833454
2446	0.644602
2447	0.642394
2448	0.686635
2449	0.888433
2450	0.825005
2451	0.513735
2452	0.710463
2453	0.931645
2454	0.720811
2455	0.585242
2456	0.649384
2457	0.818652
2458	0.59951
2459	0.595039
2460	0.858529
2461	0.791558
2462	0.653695
2463	0.924646
2464	0.787537
2465	0.732855
2466	1.07001
2467	0.83829
2468	0.604416
2469	0.751895
2470	0.661169
2471	0.862191
2472	0.624802
2473	0.768636
2474	0.758204
2475	0.790864
2476	0.633192
2477	0.711962
2478	0.961619
2479	0.878438
2480	0.90886
2481	1.16914
2482	0.719701
2483	0.819615
2484	0.712892
2485	0.720496
2486	0.739406
2487	0.729828
2488	0.900013
2489	0.699336
2490	0.725751
2491	0.666818
2492	0.599905
2493	0.725632
2494	1.05416
2495	1.03348
2496	0.703815
2497	0.840476
2498	0.75632
2499	0.629824
2500	0.771124
2501	0.667622
2502	0.888982
2503	0.783073
2504	0.849521
2505	0.711911
2506	0.72421
2507	0.867872
2508	0.841994
2509	0.849263
2510	0.768909
2511	0.73822
2512	0.784657
2513	0.719214
2514	0.818456
2515	0.792727
2516	0.868158
2517	0.644591
2518	0.923384
2519	0.635976
2520	0.821664
2521	0.842335
2522	0.703952
2523	0.687477
2524	0.595208
2525	0.526095
2526	0.638564
2527	0.688043
2528	0.828118
2529	0.546345
2530	0.755508
2531	0.831659
2532	0.770744
2533	0.829833
2534	0.930288
2535	0.722846
2536	0.657501
2537	0.570057
2538	0.504829
2539	0.792064
2540	0.814624
2541	0.712524
2542	0.777175
2543	0.627059
2544	0.64323
2545	0.729023
2546	0.602693
2547	0.653685
2548	0.72166
2549	0.957666
2550	1.00632
2551	1.03486
2552	0.937947
2553	0.847594
2554	0.687719
2555	0.745344
2556	0.766504
2557	0.774711
2558	0.801233
2559	0.815568
2560	0.724809
2561	0.845645
2562	0.579848
2563	0.629573
2564	0.673829
2565	1.01767
2566	0.641873
2567	0.706222
2568	0.648091
2569	0.854832
2570	0.662154
2571	1.06701
2572	0.797274
2573	0.743741
2574	0.637856
2575	0.628029
2576	0.793138
2577	0.710052
2578	0.664047
2579	0.963876
2580	0.761767
2581	0.753334
2582	0.7073
2583	0.946421
2584	0.699802
2585	0.753869
2586	0.712876
2587	0.705117
2588	0.801731
2589	0.617126
2590	0.875384
2591	0.786361
2592	0.635204
2593	0.886708
2594	0.802445
2595	0.766383
2596	0.575737
2597	0.730967
2598	0.874585
2599	0.79592
2600	0.851349
2601	0.803185
2602	0.775283
2603	0.849235
2604	0.857953
2605	1.06601
2606	0.823986
2607	0.686114
2608	0.796644
2609	0.84505
2610	0.804089
2611	0.874724
2612	0.787485
2613	0.748494
2614	0.788265
2615	0.71186
2616	0.718557
2617	0.672531
2618	0.851543
2619	0.856422
2620	0.77735
2621	0.772947
2622	0.729379
2623	0.860698
2624	0.916234
2625	0.693072
2626	0.804409
2627	0.748972
2628	0.753016
2629	0.651754
2630	0.852366
2631	0.803276
2632	0.535063
2633	0.767305
2634	0.723715
2635	0.970047
2636	0.695091
2637	0.974229
2638	0.953794
2639	0.789764
2640	0.899184
2641	0.747203
2642	0.804323
2643	0.695129
2644	0.703982
2645	0.846451
2646	0.662766
2647	0.846367
2648	0.679457
2649	0.775518
2650	0.807605
2651	0.786613
2652	0.678485
2653	0.762539
2654	0.799743
2655	0.593312
2656	0.818922
2657	0.944723
2658	0.742404
2659	0.704389
2660	0.778283
2661	0.754043
2662	0.707801
2663	0.696752
2664	0.788574
2665	0.814583
2666	0.961344
2667	0.786862
2668	0.675411
2669	0.540201
2670	0.892377
2671	0.684469
2672	0.700803
2673	0.789431
2674	0.791613
2675	0.732554
2676	0.832203
2677	0.794404
2678	0.85118
2679	0.668436
2680	0.536897
2681	0.794737
2682	0.683672
2683	0.834456
2684	0.892548
2685	0.810253
2686	0.937869
2687	0.758918
2688	0.765184
2689	0.586297
2690	0.759272
2691	0.813903
2692	0.776913
2693	0.849248
2694	0.736005
2695	0.819506
2696	0.867469
2697	0.811938
2698	0.977369
2699	0.698843
2700	0.770556
2701	0.722489
2702	0.779492
2703	0.822901
2704	0.725366
2705	0.768403
2706	0.755644
2707	0.64568
2708	0.735271
2709	0.705999
2710	0.77315
2711	0.658529
2712	0.745662
2713	0.76471
2714	0.782784
2715	0.597368
2716	0.74103
2717	0.639577
2718	0.814137
2719	0.749925
2720	0.758044
2721	0.708966
2722	0.971866
2723	0.843933
2724	0.893814
2725	0.834446
2726	0.65384
2727	0.738562
2728	0.666886
2729	0.836685
2730	0.861231
2731	0.744273
2732	0.679013
2733	0.648075
2734	0.691729
2735	0.830392
2736	0.693653
2737	0.653109
2738	0.690564
2739	0.692096
2740	0.719809
2741	0.638984
2742	0.884902
2743	0.665164
2744	0.758331
2745	0.631386
2746	0.776197
2747	0.578428
2748	1.10908
2749	0.831539
2750	0.676846
2751	0.680153
2752	0.611835
2753	0.891507
2754	0.598915
2755	0.885058
2756	0.651918
2757	0.872897
2758	0.787194
2759	0.733022
2760	0.679086
2761	0.568025
2762	0.571649
2763	0.886394
2764	0.60168
2765	0.772679
2766	0.753292
2767	0.797929
2768	0.686812
2769	0.844639
2770	0.800417
2771	0.867388
2772	0.799169
2773	0.822798
2774	0.699263
2775	0.742246
2776	0.788158
2777	0.704012
2778	0.632688
2779	0.873293
2780	0.941899
2781	0.621945
2782	0.769218
2783	0.492232
2784	0.746151
2785	0.748986
2786	0.983038
2787	0.71987
2788	0.848825
2789	0.638186
2790	0.556261
2791	0.873411
2792	0.84488
2793	0.721269
2794	0.586422
2795	0.592976
2796	0.701867
2797	0.943808
2798	0.754544
2799	0.822594
2800	0.529897
2801	0.557263
2802	0.838406
2803	0.615157
2804	0.706385
2805	0.653605
2806	0.678185
2807	0.86326
2808	1.10198
2809	1.07267
2810	0.618879
2811	0.742244
2812	0.774698
2813	0.729405
2814	0.728206
2815	0.660172
2816	0.768735
2817	0.766175
2818	0.669704
2819	0.693578
2820	0.704931
2821	0.903623
2822	0.741804
2823	0.9243
2824	0.691931
2825	0.721272
2826	0.719602
2827	0.646873
2828	0.73199
2829	0.813553
2830	0.765075
2831	0.856751
2832	0.736597
2833	0.917804
2834	0.793425
2835	0.715566
2836	1.00314
2837	0.98364
2838	0.553754
2839	0.751606
2840	0.818619
2841	0.745543
2842	0.715435
2843	0.553319
2844	0.823186
2845	0.791661
2846	0.546307
2847	0.721449
2848	0.899687
2849	0.716013
2850	0.734602
2851	0.664524
2852	1.01206
2853	0.799529
2854	0.897127
2855	0.866516
2856	0.70395
2857	0.777042
2858	0.669301
2859	0.589773
2860	0.846691
2861	0.645192
2862	0.664131
2863	0.778531
2864	0.540314
2865	0.846916
2866	0.645714
2867	0.869579
2868	0.75055
2869	0.835344
2870	0.889575
2871	0.78437
2872	0.856219
2873	0.91666
2874	0.978602
2875	0.687272
2876	0.766749
2877	0.677956
2878	0.805234
2879	0.744719
2880	0.879342
2881	0.909753
2882	0.788858
2883	0.828209
2884	0.779367
2885	0.646416
2886	0.508735
2887	0.84422
2888	0.661725
2889	0.523114
2890	0.681469
2891	0.664717
2892	0.743412
2893	0.652813
2894	0.728759
2895	0.825245
2896	0.6008
2897	0.874387
2898	1.05072
2899	0.664217
2900	0.713165
2901	0.784976
2902	0.89146
2903	0.704864
2904	0.83757
2905	0.910467
2906	0.697084
2907	0.814079
2908	0.74132
2909	0.783357
2910	0.844888
2911	0.776134
2912	0.710209
2913	0.77554
2914	0.713061
2915	0.710753
2916	0.930495
2917	0.612806
2918	0.633838
2919	0.745118
2920	0.828381
2921	0.772551
2922	0.705956
2923	0.563311
2924	0.717388
2925	0.712084
2926	1.11307
2927	0.68406
2928	0.691516
2929	0.774815
2930	0.924734
2931	0.730712
2932	0.578081
2933	0.970957
2934	0.635697
2935	0.840248
2936	0.800121
2937	0.618257
2938	0.822666
2939	0.702145
2940	0.667196
2941	0.556826
2942	0.77188
2943	0.670817
2944	0.803378
2945	0.787648
2946	0.614453
2947	0.625961
2948	0.65902
2949	0.836807
2950	0.752577
2951	0.459715
2952	0.65007
2953	0.882045
2954	0.706965
2955	0.532345
2956	0.568122
2957	0.76444
2958	0.550934
2959	0.51352
2960	0.758973
2961	0.799511
2962	0.599724
2963	0.932768
2964	0.778921
2965	0.689112
2966	0.95289
2967	0.800149
2968	0.562425
2969	0.72233
2970	0.670139
2971	0.790558
2972	0.628335
2973	0.712556
2974	0.682153
2975	0.808674
2976	0.61111
2977	0.650197
2978	0.923643
2979	0.797386
2980	0.834369
2981	1.11739
2982	0.647848
2983	0.753987
2984	0.67195
2985	0.6606
2986	0.650181
2987	0.681523
2988	0.857312
2989	0.634972
2990	0.724044
2991	0.611144
2992	0.541518
2993	0.680392
2994	1.02314
2995	0.938059
2996	0.660268
2997	0.76697
2998	0.707724
2999	0.5768
3000	0.694727
3001	0.619847
3002	0.835267
3003	0.716738
3004	0.791249
3005	0.650161
3006	0.65408
3007	0.826249
3008	0.776006
3009	0.753388
3010	0.736915
3011	0.696771
3012	0.761714
3013	0.69275
3014	0.762199
3015	0.763188
3016	0.800214
3017	0.576329
3018	0.889095
3019	0.580198
3020	0.755763
3021	0.759119
3022	0.628944
3023	0.682534
3024	0.553923
3025	0.474772
3026	0.561541
3027	0.668099
3028	0.777899
3029	0.521273
3030	0.705906
3031	0.773368
3032	0.728478
3033	0.785408
3034	0.892193
3035	0.67985
3036	0.622411
3037	0.500955
3038	0.448142
3039	0.713409
3040	0.783648
3041	0.696395
3042	0.714631
3043	0.57784
3044	0.600497
3045	0.649838
3046	0.553971
3047	0.612313
3048	0.659771
3049	0.899167
3050	0.961119
3051	0.962721
3052	0.888549
3053	0.814486
3054	0.708826
3055	0.727383
3056	0.724729
3057	0.687512
3058	0.788539
3059	0.770482
3060	0.742953
3061	0.887281
3062	0.506992
3063	0.589375
3064	0.584103
3065	0.951901
3066	0.597827
3067	0.65722
3068	0.59619
3069	0.837933
3070	0.630973
3071	0.99045
3072	0.757304
3073	0.724834
3074	0.587326
3075	0.606294
3076	0.747208
3077	0.645369
3078	0.594093
3079	0.964137
3080	0.741061
3081	0.733908
3082	0.640288
3083	0.90117
3084	0.625207
3085	0.74077
3086	0.640166
3087	0.642153
3088	0.749112
3089	0.59079
3090	0.843185
3091	0.774263
3092	0.620896
3093	0.823565
3094	0.764373
3095	0.741203
3096	0.487801
3097	0.744696
3098	0.838996
3099	0.740098
3100	0.8112
3101	0.685628
3102	0.724631
3103	0.807232
3104	0.762393
3105	1.02418
3106	0.816465
3107	0.617344
3108	0.773038
3109	0.785732
3110	0.727758
3111	0.812636
3112	0.701523
3113	0.699541
3114	0.750265
3115	0.685097
3116	0.687909
3117	0.638432
3118	0.787785
3119	0.829847
3120	0.738688
3121	0.72671
3122	0.663202
3123	0.771091
3124	0.8332
3125	0.640778
3126	0.810045
3127	0.719432
3128	0.728544
3129	0.609148
3130	0.827966
3131	0.709996
3132	0.518351
3133	0.755351
3134	0.679752
3135	0.953654
3136	0.633151
3137	0.977161
3138	0.906978
3139	0.75976
3140	0.811941
3141	0.729213
3142	0.788665
3143	0.6693
3144	0.655494
3145	0.770277
3146	0.596161
3147	0.803349
3148	0.622512
3149	0.676252
3150	0.782559
3151	0.732016
3152	0.631519
3153	0.718238
3154	0.776876
3155	0.524865
3156	0.709937
3157	0.858507
3158	0.739187
3159	0.651845
3160	0.756427
3161	0.709594
3162	0.599111
3163	0.637532
3164	0.774683
3165	0.763893
3166	0.905021
3167	0.788705
3168	0.633366
3169	0.507614
3170	0.789865
3171	0.670652
3172	0.658369
3173	0.81032
3174	0.718529
3175	0.696509
3176	0.770663
3177	0.741818
3178	0.877577
3179	0.681207
3180	0.488217
3181	0.77629
3182	0.630695
3183	0.809041
3184	0.878346
3185	0.800853
3186	0.87925
3187	0.716705
3188	0.68217
3189	0.564535
3190	0.666305
3191	0.768347
3192	0.766475
3193	0.8903
3194	0.65061
3195	0.796131
3196	0.809023
3197	0.725195
3198	0.93439
3199	0.659567
3200	0.714737
3201	0.674172
3202	0.747231
3203	0.798044
3204	0.721992
3205	0.7241
3206	0.703082
3207	0.564736
3208	0.635264
3209	0.661462
3210	0.719598
3211	0.617222
3212	0.70073
3213	0.736163
3214	0.743533
3215	0.546304
3216	0.686064
3217	0.617624
3218	0.770241
3219	0.739562
3220	0.698231
3221	0.651423
3222	0.912375
3223	0.795029
3224	0.852959
3225	0.732752
3226	0.623048
3227	0.695684
3228	0.636538
3229	0.797167
3230	0.839329
3231	0.67884
3232	0.624651
3233	0.595435
3234	0.639991
3235	0.806029
3236	0.667259
3237	0.606426
3238	0.639875
3239	0.641487
3240	0.672855
3241	0.579234
3242	0.884275
3243	0.623054
3244	0.702044
3245	0.61599
3246	0.759984
3247	0.596535
3248	1.06138
3249	0.757553
3250	0.667996
3251	0.626356
3252	0.614897
3253	0.852863
3254	0.602945
3255	0.861114
3256	0.636496
3257	0.752936
3258	0.810577
3259	0.739405
3260	0.657867
3261	0.52813
3262	0.512529
3263	0.802131
3264	0.529091
3265	0.685139
3266	0.7014
3267	0.763134
3268	0.632352
3269	0.788865
3270	0.784698
3271	0.843311
3272	0.712326
3273	0.745614
3274	0.662084
3275	0.735755
3276	0.729085
3277	0.652914
3278	0.564516
3279	0.799296
3280	0.840411
3281	0.553479
3282	0.715882
3283	0.477732
3284	0.718658
3285	0.699219
3286	0.969505
3287	0.716729
3288	0.83365
3289	0.591394
3290	0.538184
3291	0.804889
3292	0.818709
3293	0.683947
3294	0.569432
3295	0.595625
3296	0.678266
3297	0.938869
3298	0.745569
3299	0.833645
3300	0.491145
3301	0.523254
3302	0.791434
3303	0.605286
3304	0.706665
3305	0.591088
3306	0.692149
3307	0.845575
3308	1.03676
3309	1.0169
3310	0.594661
3311	0.715029
3312	0.752683
3313	0.72837
3314	0.786029
3315	0.637401
3316	0.733787
3317	0.750381
3318	0.614108
3319	0.661169
3320	0.686609
3321	0.825597
3322	0.736647
3323	0.893273
3324	0.656519
3325	0.712554
3326	0.673727
3327	0.611086
3328	0.725328
3329	0.797924
3330	0.738549
3331	0.830709
3332	0.704695
3333	0.846637
3334	0.763604
3335	0.710059
3336	0.982198
3337	0.929051
3338	0.550817
3339	0.727438
3340	0.772196
3341	0.682081
3342	0.691866
3343	0.522376
3344	0.833303
3345	0.736492
3346	0.546573
3347	0.698303
3348	0.858212
3349	0.704053
3350	0.696453
3351	0.545015
3352	0.909243
3353	0.719085
3354	0.822675
3355	0.874714
3356	0.642876
3357	0.682525
3358	0.629092
3359	0.516434
3360	0.829805
3361	0.642718
3362	0.616906
3363	0.773402
3364	0.56951
3365	0.815624
3366	0.669564
3367	0.875478
3368	0.699198
3369	0.802491
3370	0.818117
3371	0.722235
3372	0.815523
3373	0.794766
3374	0.899155
3375	0.726284
3376	0.731072
3377	0.6655
3378	0.754918
3379	0.716443
3380	0.841672
3381	0.784617
3382	0.692799
3383	0.783426
3384	0.735875
3385	0.646522
3386	0.475457
3387	0.803341
3388	0.599061
3389	0.489295
3390	0.681224
3391	0.599246
3392	0.661952
3393	0.60508
3394	0.791168
3395	0.752842
3396	0.56093
3397	0.812346
3398	0.943234
3399	0.606776
3400	0.625203
3401	0.686371
3402	0.768971
3403	0.646133
3404	0.800302
3405	0.821149
3406	0.65195
3407	0.774882
3408	0.700951
3409	0.745227
3410	0.83165
3411	0.734923
3412	0.685841
3413	0.692414
3414	0.680049
3415	0.682245
3416	0.857006
3417	0.576317
3418	0.585023
3419	0.714016
3420	0.796074
3421	0.756497
3422	0.660758
3423	0.517735
3424	0.666779
3425	0.635753
3426	1.10431
3427	0.642366
3428	0.684013
3429	0.736125
3430	0.915742
3431	0.697879
3432	0.569793
3433	0.938789
3434	0.614388
3435	0.783541
3436	0.748969
3437	0.589625
3438	0.757829
3439	0.590925
3440	0.600362
3441	0.50908
3442	0.727728
3443	0.648515
3444	0.767377
3445	0.734689
3446	0.5588
3447	0.56334
3448	0.634125
3449	0.780117
3450	0.677922
3451	0.433724
3452	0.647281
3453	0.793234
3454	0.636578
3455	0.501158
3456	0.516
3457	0.717586
3458	0.509838
3459	0.484495
3460	0.715556
3461	0.746644
3462	0.541524
3463	0.92041
3464	0.7755
3465	0.691254
3466	0.861077
3467	0.736604
3468	0.535719
3469	0.685609
3470	0.694733
3471	0.724508
3472	0.624172
3473	0.664786
3474	0.642682
3475	0.815117
3476	0.572341
3477	0.596036
3478	0.88412
3479	0.726316
3480	0.755857
3481	1.05184
3482	0.584033
3483	0.712418
3484	0.612319
3485	0.620693
3486	0.571541
3487	0.642938
3488	0.837959
3489	0.621307
3490	0.732344
3491	0.547655
3492	0.515006
3493	0.627187
3494	1.03747
3495	0.920403
3496	0.646234
3497	0.729401
3498	0.681161
3499	0.545952
3500	0.659073
3501	0.595421
3502	0.826725
3503	0.732196
3504	0.756699
3505	0.600331
3506	0.60832
3507	0.799904
3508	0.716179
3509	0.722677
3510	0.654619
3511	0.678397
3512	0.745534
3513	0.658342
3514	0.721124
3515	0.713752
3516	0.772137
3517	0.543357
3518	0.845754
3519	0.532236
3520	0.706561
3521	0.729764
3522	0.599138
3523	0.640698
3524	0.512393
3525	0.431706
3526	0.543752
3527	0.621181
3528	0.72889
3529	0.465664
3530	0.702912
3531	0.730235
3532	0.706509
3533	0.712825
3534	0.831767
3535	0.633704
3536	0.599203
3537	0.490623
3538	0.427711
3539	0.651915
3540	0.744001
3541	0.691159
3542	0.695608
3543	0.550313
3544	0.560502
3545	0.641659
3546	0.523013
3547	0.559975
3548	0.620879
3549	0.848324
3550	0.89482
3551	0.90662
3552	0.891754
3553	0.749487
3554	0.675602
3555	0.691276
3556	0.69284
3557	0.640489
3558	0.75153
3559	0.736136
3560	0.742615
3561	0.868396
3562	0.48384
3563	0.592579
3564	0.557181
3565	0.904463
3566	0.584692
3567	0.63396
3568	0.561712
3569	0.85383
3570	0.596701
3571	0.937442
3572	0.724412
3573	0.716738
3574	0.551072
3575	0.591263
3576	0.692134
3577	0.618619
3578	0.593572
3579	0.934649
3580	0.70384
3581	0.725538
3582	0.583571
3583	0.839653
3584	0.59012
3585	0.697817
3586	0.599224
3587	0.55054
3588	0.694027
3589	0.560939
3590	0.807579
3591	0.748905
3592	0.643151
3593	0.810594
3594	0.758589
3595	0.725648
3596	0.41429
3597	0.663471
3598	0.797788
3599	0.678399
3600	0.736865
3601	0.733277
3602	0.697291
3603	0.789933
3604	0.663211
3605	0.960886
3606	0.774102
3607	0.553764
3608	0.772078
3609	0.734299
3610	0.687951
3611	0.77741
3612	0.624976
3613	0.66671
3614	0.722049
3615	0.64495
3616	0.668198
3617	0.572977
3618	0.760815
3619	0.770474
3620	0.678958
3621	0.679716
3622	0.63977
3623	0.7331
3624	0.78899
3625	0.601044
3626	0.789937
3627	0.687859
3628	0.713141
3629	0.608921
3630	0.807317
3631	0.688652
3632	0.507347
3633	0.723419
3634	0.696409
3635	0.894305
3636	0.592936
3637	0.932308
3638	0.871728
3639	0.751363
3640	0.754971
3641	0.69827
3642	0.81782
3643	0.656795
3644	0.637755
3645	0.760686
3646	0.554729
3647	0.767009
3648	0.60713
3649	0.612951
3650	0.730879
3651	0.661722
3652	0.579982
3653	0.675105
3654	0.750339
3655	0.525473
3656	0.655761
3657	0.804472
3658	0.718551
3659	0.63924
3660	0.762278
3661	0.663909
3662	0.565247
3663	0.585428
3664	0.735285
3665	0.702202
3666	0.815486
3667	0.725639
3668	0.618148
3669	0.461787
3670	0.770718
3671	0.64101
3672	0.610125
3673	0.759177
3674	0.671858
3675	0.681991
3676	0.725516
3677	0.666414
3678	0.830076
3679	0.614889
3680	0.467042
3681	0.721135
3682	0.622932
3683	0.817824
3684	0.797909
3685	0.75395
3686	0.829083
3687	0.689618
3688	0.653183
3689	0.544881
3690	0.58959
3691	0.735741
3692	0.734753
3693	0.918447
3694	0.630764
3695	0.784816
3696	0.714567
3697	0.627786
3698	0.909759
3699	0.643953
3700	0.687725
3701	0.619115
3702	0.702792
3703	0.726695
3704	0.737553
3705	0.675401
3706	0.666481
3707	0.528884
3708	0.59426
3709	0.659847
3710	0.686963
3711	0.616363
3712	0.650874
3713	0.703114
3714	0.689195
3715	0.561709
3716	0.659046
3717	0.61106
3718	0.722433
3719	0.657952
3720	0.681361
3721	0.607278
3722	0.869611
3723	0.743181
3724	0.810083
3725	0.710762
3726	0.610563
3727	0.60865
3728	0.607432
3729	0.729989
3730	0.805989
3731	0.648429
3732	0.594752
3733	0.566128
3734	0.607942
3735	0.78288
3736	0.62945
3737	0.594981
3738	0.634374
3739	0.564134
3740	0.641741
3741	0.559077
3742	0.875539
3743	0.622666
3744	0.666856
3745	0.568691
3746	0.725532
3747	0.607085
3748	1.05564
3749	0.722773
3750	0.612942
3751	0.586507
3752	0.574813
3753	0.834256
3754	0.583704
3755	0.81158
3756	0.59221
3757	0.648194
3758	0.802979
3759	0.704114
3760	0.634337
3761	0.487309
3762	0.469568
3763	0.708307
3764	0.524307
3765	0.63503
3766	0.650173
3767	0.709481
3768	0.579682
3769	0.762979
3770	0.744366
3771	0.840587
3772	0.732418
3773	0.755631
3774	0.62709
3775	0.704147
3776	0.690637
3777	0.593035
3778	0.561052
3779	0.838676
3780	0.806669
3781	0.547382
3782	0.731496
3783	0.456138
3784	0.678576
3785	0.647125
3786	0.914282
3787	0.726898
3788	0.853853
3789	0.568313
3790	0.511065
3791	0.776902
3792	0.784062
3793	0.648807
3794	0.530807
3795	0.656437
3796	0.661184
3797	0.901945
3798	0.774346
3799	0.835477
3800	0.481111
3801	0.479946
3802	0.767967
3803	0.612411
3804	0.672104
3805	0.588057
3806	0.710995
3807	0.819825
3808	1.08336
3809	1.04147
3810	0.572513
3811	0.676562
3812	0.712582
3813	0.710845
3814	0.730874
3815	0.631398
3816	0.71571
3817	0.77094
3818	0.548636
3819	0.637701
3820	0.664848
3821	0.839051
3822	0.730116
3823	0.901816
3824	0.637304
3825	0.7034
3826	0.659232
3827	0.627674
3828	0.768316
3829	0.766066
3830	0.776783
3831	0.812038
3832	0.655266
3833	0.786787
3834	0.721582
3835	0.688934
3836	0.976674
3837	0.951994
3838	0.565147
3839	0.628287
3840	0.789728
3841	0.667919
3842	0.631506
3843	0.507901
3844	0.845241
3845	0.695012
3846	0.522848
3847	0.681557
3848	0.777291
3849	0.686685
3850	0.682308
3851	0.503065
3852	0.853804
3853	0.657577
3854	0.727913
3855	0.8141
3856	0.593166
3857	0.632938
3858	0.61364
3859	0.556127
3860	0.820169
3861	0.648758
3862	0.607616
3863	0.68551
3864	0.530886
3865	0.808049
3866	0.655941
3867	0.797158
3868	0.638619
3869	0.799113
3870	0.790295
3871	0.641914
3872	0.786569
3873	0.775736
3874	0.877332
3875	0.706414
3876	0.684876
3877	0.651175
3878	0.655308
3879	0.654184
3880	0.812129
3881	0.700545
3882	0.639329
3883	0.734387
3884	0.696842
3885	0.672022
3886	0.44443
3887	0.76791
3888	0.541042
3889	0.482165
3890	0.741814
3891	0.543682
3892	0.613932
3893	0.564471
3894	0.755127
3895	0.758093
3896	0.5971
3897	0.806451
3898	0.882171
3899	0.573869
3900	0.591299
3901	0.638967
3902	0.779665
3903	0.620178
3904	0.75131
3905	0.798394
3906	0.597754
3907	0.724059
3908	0.674742
3909	0.759956
3910	0.839587
3911	0.696738
3912	0.638973
3913	0.620951
3914	0.661054
3915	0.730747
3916	0.813251
3917	0.572158
3918	0.5653
3919	0.69757
3920	0.760775
3921	0.744065
3922	0.657998
3923	0.473392
3924	0.614015
3925	0.569906
3926	1.04012
3927	0.5916
3928	0.662406
3929	0.739028
3930	0.8826
3931	0.666918
3932	0.520921
3933	0.884192
3934	0.586637
3935	0.736622
3936	0.711358
3937	0.593698
3938	0.730601
3939	0.568705
3940	0.594734
3941	0.51121
3942	0.69309
3943	0.613029
3944	0.691229
3945	0.679156
3946	0.511688
3947	0.534711
3948	0.585921
3949	0.727945
3950	0.65838
3951	0.446686
3952	0.622173
3953	0.70193
3954	0.60855
3955	0.460954
3956	0.500375
3957	0.686563
3958	0.475113
3959	0.464274
3960	0.657966
3961	0.683077
3962	0.498407
3963	0.850958
3964	0.748346
3965	0.674888
3966	0.837126
3967	0.715715
3968	0.495803
3969	0.644711
3970	0.671545
3971	0.673112
3972	0.599171
3973	0.638602
3974	0.602709
3975	0.787915
3976	0.53918
3977	0.549412
3978	0.801985
3979	0.686247
3980	0.742977
3981	1.005
3982	0.549472
3983	0.661608
3984	0.561688
3985	0.563261
3986	0.525704
3987	0.60998
3988	0.804961
3989	0.584237
3990	0.667672
3991	0.52524
3992	0.47305
3993	0.530818
3994	1.01765
3995	0.935147
3996	0.597339
3997	0.716367
3998	0.65661
3999	0.509607
4000	0.643955
4001	0.550605
4002	0.823404
4003	0.68707
4004	0.745585
4005	0.690014
4006	0.667825
4007	0.892991
4008	1.00871
4009	0.899281
4010	0.705235
4011	0.873944
4012	0.852753
4013	0.841381
4014	0.839287
4015	0.706891
4016	0.739391
4017	0.600779
4018	0.83517
4019	0.642122
4020	0.727144
4021	0.779126
4022	0.600782
4023	0.664864
4024	0.638555
4025	0.512045
4026	0.553743
4027	0.582845
4028	0.714912
4029	0.482321
4030	0.799581
4031	0.712576
4032	0.726215
4033	0.615561
4034	0.783123
4035	0.680157
4036	0.556891
4037	0.509846
4038	0.519163
4039	0.753108
4040	0.649121
4041	0.649173
4042	0.630411
4043	0.527469
4044	0.530961
4045	0.607889
4046	0.621147
4047	0.583133
4048	0.557418
4049	0.720288
4050	0.790334
4051	0.82372
4052	0.722289
4053	0.616221
4054	0.63922
4055	0.69668
4056	0.587731
4057	0.547907
4058	0.635289
4059	0.621312
4060	0.604775
4061	0.753041
4062	0.495425
4063	0.523927
4064	0.557348
4065	0.732109
4066	0.554567
4067	0.593602
4068	0.523724
4069	0.660162
4070	0.567696
4071	0.81759
4072	0.564999
4073	0.546307
4074	0.547741
4075	0.574475
4076	0.650203
4077	0.465712
4078	0.500564
4079	0.780299
4080	0.686444
4081	0.675676
4082	0.546867
4083	0.583455
4084	0.537809
4085	0.50918
4086	0.520762
4087	0.434331
4088	0.603795
4089	0.486429
4090	0.708904
4091	0.581758
4092	0.534408
4093	0.818318
4094	0.629924
4095	0.611005
4096	0.377276
4097	0.546335
4098	0.70024
4099	0.535339
4100	0.654806
4101	0.611858
4102	0.555631
4103	0.730893
4104	0.55656
4105	0.775366
4106	0.6604
4107	0.538578
4108	0.607027
4109	0.661171
4110	0.585811
4111	0.765208
4112	0.569613
4113	0.51509
4114	0.609919
4115	0.539853
4116	0.607472
4117	0.487433
4118	0.681989
4119	0.655102
4120	0.520376
4121	0.506584
4122	0.651317
4123	0.587084
4124	0.694104
4125	0.602334
4126	0.739058
4127	0.612501
4128	0.581499
4129	0.566905
4130	0.676464
4131	0.597938
4132	0.363421
4133	0.641957
4134	0.573606
4135	0.753097
4136	0.596414
4137	0.710038
4138	0.799106
4139	0.59592
4140	0.723706
4141	0.566868
4142	0.64684
4143	0.512785
4144	0.55873
4145	0.79477
4146	0.501119
4147	0.701136
4148	0.529363
4149	0.482059
4150	0.599776
4151	0.629788
4152	0.452617
4153	0.502647
4154	0.631566
4155	0.592993
4156	0.582815
4157	0.701975
4158	0.592627
4159	0.60986
4160	0.649578
4161	0.580056
4162	0.492201
4163	0.512427
4164	0.60615
4165	0.578119
4166	0.686723
4167	0.600792
4168	0.535303
4169	0.474537
4170	0.574478
4171	0.492719
4172	0.438488
4173	0.549448
4174	0.607598
4175	0.637429
4176	0.636217
4177	0.564983
4178	0.724155
4179	0.456525
4180	0.44992
4181	0.660778
4182	0.558524
4183	0.663561
4184	0.636792
4185	0.597799
4186	0.680821
4187	0.550744
4188	0.530547
4189	0.485507
4190	0.538245
4191	0.581103
4192	0.615668
4193	0.650822
4194	0.503822
4195	0.635345
4196	0.556934
4197	0.573468
4198	0.786404
4199	0.553054
4200	0.631435
4201	0.544482
4202	0.595538
4203	0.645411
4204	0.539634
4205	0.57419
4206	0.584937
4207	0.50114
4208	0.570123
4209	0.501843
4210	0.57895
4211	0.532726
4212	0.481441
4213	0.600524
4214	0.674534
4215	0.46407
4216	0.632639
4217	0.51252
4218	0.655752
4219	0.462435
4220	0.502745
4221	0.572879
4222	0.561507
4223	0.633241
4224	0.732771
4225	0.588919
4226	0.455574
4227	0.528888
4228	0.506456
4229	0.57936
4230	0.745689
4231	0.494282
4232	0.627327
4233	0.484894
4234	0.580143
4235	0.650685
4236	0.569548
4237	0.467513
4238	0.581882
4239	0.536479
4240	0.515151
4241	0.416776
4242	0.678012
4243	0.632589
4244	0.604046
4245	0.547491
4246	0.617294
4247	0.459234
4248	0.844197
4249	0.605987
4250	0.476284
4251	0.406862
4252	0.539099
4253	0.766332
4254	0.418935
4255	0.686052
4256	0.515115
4257	0.574807
4258	0.604725
4259	0.511289
4260	0.541481
4261	0.450208
4262	0.40204
4263	0.555102
4264	0.406036
4265	0.520468
4266	0.552388
4267	0.639572
4268	0.568884
4269	0.706456
4270	0.66034
4271	0.760938
4272	0.564412
4273	0.666993
4274	0.451244
4275	0.516602
4276	0.552786
4277	0.444995
4278	0.417645
4279	0.535052
4280	0.546123
4281	0.444539
4282	0.578723
4283	0.347749
4284	0.635996
4285	0.560807
4286	0.741771
4287	0.44517
4288	0.623426
4289	0.453257
4290	0.426482
4291	0.562137
4292	0.604894
4293	0.533397
4294	0.420269
4295	0.475743
4296	0.50643
4297	0.651716
4298	0.451098
4299	0.5368
4300	0.445509
4301	0.434275
4302	0.722516
4303	0.432606
4304	0.449696
4305	0.525397
4306	0.531127
4307	0.585913
4308	0.743487
4309	0.804033
4310	0.443688
4311	0.623072
4312	0.569128
4313	0.506006
4314	0.552221
4315	0.598764
4316	0.543357
4317	0.616642
4318	0.531343
4319	0.633852
4320	0.565689
4321	0.704185
4322	0.556964
4323	0.626587
4324	0.455759
4325	0.582647
4326	0.61939
4327	0.444405
4328	0.540623
4329	0.635077
4330	0.467684
4331	0.702461
4332	0.458002
4333	0.736113
4334	0.587787
4335	0.534015
4336	0.847973
4337	0.663313
4338	0.430634
4339	0.541803
4340	0.651964
4341	0.508009
4342	0.370797
4343	0.44992
4344	0.654814
4345	0.635568
4346	0.417938
4347	0.583381
4348	0.576799
4349	0.548183
4350	0.465292
4351	0.466216
4352	0.735975
4353	0.470825
4354	0.593954
4355	0.549007
4356	0.455046
4357	0.445925
4358	0.458773
4359	0.429746
4360	0.634829
4361	0.470321
4362	0.594538
4363	0.546252
4364	0.404431
4365	0.609106
4366	0.511162
4367	0.681941
4368	0.546944
4369	0.607501
4370	0.683785
4371	0.579141
4372	0.654551
4373	0.475251
4374	0.648305
4375	0.593808
4376	0.541544
4377	0.585932
4378	0.535057
4379	0.537575
4380	0.613775
4381	0.600271
4382	0.583152
4383	0.738316
4384	0.465623
4385	0.499312
4386	0.448956
4387	0.556707
4388	0.452957
4389	0.373061
4390	0.503118
4391	0.488015
4392	0.444798
4393	0.496231
4394	0.532963
4395	0.598327
4396	0.455442
4397	0.668319
4398	0.693274
4399	0.477702
4400	0.45103
4401	0.505314
4402	0.557714
4403	0.446788
4404	0.607434
4405	0.517787
4406	0.436434
4407	0.539783
4408	0.458632
4409	0.501036
4410	0.687588
4411	0.537531
4412	0.481744
4413	0.420179
4414	0.528326
4415	0.515059
4416	0.725804
4417	0.485509
4418	0.445288
4419	0.586823
4420	0.526927
4421	0.531617
4422	0.482854
4423	0.348367
4424	0.404905
4425	0.434613
4426	0.72555
4427	0.408765
4428	0.605274
4429	0.550232
4430	0.651458
4431	0.500032
4432	0.331641
4433	0.692684
4434	0.482069
4435	0.524568
4436	0.595661
4437	0.525692
4438	0.493316
4439	0.490565
4440	0.465192
4441	0.326675
4442	0.523457
4443	0.44468
4444	0.440515
4445	0.452631
4446	0.362452
4447	0.420367
4448	0.511476
4449	0.602676
4450	0.564621
4451	0.329986
4452	0.501612
4453	0.546992
4454	0.440843
4455	0.342385
4456	0.42045
4457	0.506402
4458	0.365802
4459	0.350752
4460	0.520896
4461	0.517648
4462	0.408037
4463	0.682365
4464	0.590786
4465	0.526763
4466	0.669718
4467	0.522011
4468	0.331197
4469	0.454284
4470	0.479025
4471	0.508972
4472	0.435976
4473	0.484785
4474	0.386827
4475	0.680903
4476	0.425576
4477	0.422821
4478	0.601887
4479	0.577159
4480	0.555996
4481	0.666248
4482	0.350774
4483	0.485998
4484	0.455121
4485	0.391585
4486	0.400436
4487	0.419226
4488	0.543238
4489	0.353731
4490	0.422884
4491	0.395299
4492	0.410749
4493	0.418857
4494	0.733037
4495	0.675754
4496	0.4593
4497	0.496503
4498	0.453631
4499	0.311046
4500	0.595741
4501	0.498742
4502	0.649991
4503	0.600896
4504	0.726516
4505	0.4683
4506	0.484524
4507	0.711283
4508	0.633602
4509	0.575379
4510	0.548145
4511	0.543662
4512	0.664478
4513	0.579377
4514	0.545564
4515	0.572177
4516	0.750495
4517	0.427997
4518	0.679058
4519	0.48578
4520	0.598609
4521	0.613252
4522	0.485216
4523	0.496201
4524	0.490812
4525	0.362508
4526	0.480365
4527	0.488726
4528	0.564805
4529	0.357326
4530	0.601839
4531	0.564368
4532	0.585291
4533	0.516122
4534	0.760178
4535	0.572228
4536	0.478503
4537	0.381626
4538	0.423158
4539	0.647564
4540	0.602063
4541	0.56592
4542	0.538634
4543	0.477753
4544	0.477622
4545	0.531601
4546	0.47431
4547	0.486112
4548	0.4865
4549	0.657259
4550	0.787539
4551	0.743209
4552	0.605395
4553	0.556936
4554	0.53846
4555	0.639738
4556	0.537019
4557	0.493966
4558	0.56821
4559	0.567294
4560	0.554944
4561	0.744696
4562	0.424604
4563	0.446051
4564	0.482231
4565	0.68808
4566	0.469584
4567	0.52279
4568	0.442261
4569	0.592308
4570	0.480009
4571	0.81478
4572	0.503444
4573	0.509628
4574	0.517315
4575	0.493523
4576	0.60459
4577	0.414791
4578	0.452184
4579	0.772738
4580	0.653666
4581	0.616623
4582	0.473587
4583	0.510646
4584	0.497681
4585	0.48391
4586	0.485156
4587	0.403797
4588	0.57353
4589	0.442668
4590	0.666152
4591	0.565902
4592	0.456353
4593	0.795621
4594	0.564196
4595	0.552355
4596	0.344192
4597	0.503335
4598	0.670336
4599	0.549305
4600	0.621165
4601	0.583382
4602	0.504412
4603	0.684005
4604	0.485062
4605	0.742231
4606	0.611128
4607	0.493647
4608	0.593276
4609	0.578048
4610	0.554589
4611	0.698397
4612	0.492752
4613	0.503037
4614	0.576918
4615	0.518273
4616	0.558799
4617	0.450951
4618	0.654953
4619	0.627085
4620	0.476958
4621	0.4948
4622	0.60457
4623	0.548646
4624	0.705592
4625	0.544576
4626	0.695605
4627	0.543012
4628	0.564631
4629	0.528868
4630	0.649816
4631	0.571219
4632	0.342921
4633	0.581298
4634	0.551663
4635	0.717849
4636	0.569724
4637	0.662744
4638	0.745453
4639	0.538738
4640	0.681859
4641	0.534642
4642	0.626134
4643	0.48986
4644	0.525798
4645	0.749895
4646	0.454789
4647	0.644205
4648	0.474985
4649	0.449016
4650	0.567629
4651	0.572454
4652	0.413119
4653	0.491713
4654	0.581423
4655	0.550614
4656	0.563552
4657	0.649982
4658	0.571959
4659	0.554006
4660	0.591028
4661	0.525751
4662	0.452433
4663	0.474675
4664	0.586061
4665	0.547239
4666	0.645914
4667	0.583801
4668	0.487393
4669	0.437744
4670	0.543134
4671	0.494193
4672	0.414588
4673	0.486201
4674	0.597676
4675	0.594735
4676	0.615133
4677	0.537431
4678	0.68181
4679	0.426796
4680	0.41589
4681	0.624054
4682	0.508032
4683	0.651444
4684	0.626807
4685	0.589735
4686	0.631498
4687	0.500684
4688	0.511399
4689	0.433705
4690	0.497116
4691	0.570127
4692	0.606999
4693	0.610831
4694	0.482183
4695	0.623442
4696	0.532503
4697	0.534369
4698	0.759052
4699	0.53641
4700	0.59709
4701	0.522989
4702	0.56069
4703	0.606484
4704	0.505179
4705	0.534533
4706	0.541214
4707	0.457127
4708	0.539463
4709	0.481274
4710	0.556879
4711	0.484365
4712	0.455109
4713	0.582131
4714	0.651976
4715	0.42911
4716	0.639335
4717	0.509571
4718	0.599985
4719	0.426467
4720	0.494162
4721	0.555119
4722	0.525684
4723	0.597761
4724	0.714312
4725	0.557273
4726	0.437103
4727	0.486796
4728	0.478853
4729	0.563098
4730	0.71656
4731	0.464811
4732	0.587095
4733	0.447065
4734	0.549775
4735	0.625886
4736	0.525985
4737	0.45486
4738	0.560605
4739	0.514996
4740	0.492024
4741	0.405292
4742	0.65273
4743	0.59582
4744	0.579416
4745	0.523172
4746	0.57964
4747	0.45381
4748	0.820832
4749	0.565309
4750	0.470616
4751	0.384596
4752	0.530154
4753	0.738361
4754	0.398483
4755	0.675445
4756	0.486
4757	0.537438
4758	0.595435
4759	0.481196
4760	0.508002
4761	0.437705
4762	0.384634
4763	0.529613
4764	0.383796
4765	0.498739
4766	0.526202
4767	0.638729
4768	0.535392
4769	0.67553
4770	0.629335
4771	0.731954
4772	0.545678
4773	0.647857
4774	0.423536
4775	0.478992
4776	0.522339
4777	0.420644
4778	0.390969
4779	0.516271
4780	0.511241
4781	0.407048
4782	0.552805
4783	0.344884
4784	0.613855
4785	0.559776
4786	0.739011
4787	0.433921
4788	0.604381
4789	0.433962
4790	0.429044
4791	0.537333
4792	0.572262
4793	0.511255
4794	0.387966
4795	0.447854
4796	0.469335
4797	0.626719
4798	0.430662
4799	0.534844
4800	0.418588
4801	0.411671
4802	0.695264
4803	0.413799
4804	0.437845
4805	0.49786
4806	0.520198
4807	0.564257
4808	0.723273
4809	0.771742
4810	0.435463
4811	0.602557
4812	0.540637
4813	0.460971
4814	0.537748
4815	0.586712
4816	0.51379
4817	0.59725
4818	0.519667
4819	0.593927
4820	0.555264
4821	0.678659
4822	0.533665
4823	0.610478
4824	0.430165
4825	0.556249
4826	0.609808
4827	0.426737
4828	0.51446
4829	0.598531
4830	0.453072
4831	0.663989
4832	0.444928
4833	0.708944
4834	0.559717
4835	0.505675
4836	0.811092
4837	0.634304
4838	0.400537
4839	0.520437
4840	0.617733
4841	0.480619
4842	0.357305
4843	0.428734
4844	0.643258
4845	0.62044
4846	0.397818
4847	0.574409
4848	0.551633
4849	0.521174
4850	0.446071
4851	0.464144
4852	0.718072
4853	0.453792
4854	0.581989
4855	0.524245
4856	0.447642
4857	0.433635
4858	0.44892
4859	0.413818
4860	0.611035
4861	0.456381
4862	0.578858
4863	0.532583
4864	0.380168
4865	0.584838
4866	0.496047
4867	0.667833
4868	0.530022
4869	0.589768
4870	0.647934
4871	0.54317
4872	0.653674
4873	0.460136
4874	0.636072
4875	0.579555
4876	0.522729
4877	0.559305
4878	0.52488
4879	0.520758
4880	0.590244
4881	0.574388
4882	0.572865
4883	0.729117
4884	0.45264
4885	0.481224
4886	0.430191
4887	0.544959
4888	0.436111
4889	0.363448
4890	0.51082
4891	0.471807
4892	0.426049
4893	0.477977
4894	0.512188
4895	0.571113
4896	0.449085
4897	0.664641
4898	0.664427
4899	0.456318
4900	0.443585
4901	0.471018
4902	0.545404
4903	0.427061
4904	0.599477
4905	0.508079
4906	0.419695
4907	0.534711
4908	0.447632
4909	0.48543
4910	0.676318
4911	0.520755
4912	0.479308
4913	0.41078
4914	0.508766
4915	0.521808
4916	0.720607
4917	0.47717
4918	0.441479
4919	0.56518
4920	0.506882
4921	0.511991
4922	0.462571
4923	0.336633
4924	0.393495
4925	0.416809
4926	0.703063
4927	0.398945
4928	0.603499
4929	0.536437
4930	0.646116
4931	0.492889
4932	0.330195
4933	0.685257
4934	0.462308
4935	0.508616
4936	0.595309
4937	0.514514
4938	0.477278
4939	0.479669
4940	0.464886
4941	0.311492
4942	0.510873
4943	0.435055
4944	0.438529
4945	0.453705
4946	0.35321
4947	0.408441
4948	0.499221
4949	0.584646
4950	0.551272
4951	0.321894
4952	0.492762
4953	0.55284
4954	0.425925
4955	0.336318
4956	0.414409
4957	0.499287
4958	0.367219
4959	0.347253
4960	0.519583
4961	0.513977
4962	0.393736
4963	0.670916
4964	0.583531
4965	0.522522
4966	0.655281
4967	0.519655
4968	0.317598
4969	0.44224
4970	0.480906
4971	0.509802
4972	0.442552
4973	0.470886
4974	0.380505
4975	0.670198
4976	0.416249
4977	0.426768
4978	0.577447
4979	0.564325
4980	0.555035
4981	0.641905
4982	0.334813
4983	0.483615
4984	0.45687
4985	0.388951
4986	0.39833
4987	0.427586
4988	0.539538
4989	0.35042
4990	0.429632
4991	0.411352
4992	0.408392
4993	0.412369
4994	0.739734
4995	0.686436
4996	0.456934
4997	0.48648
4998	0.463708
4999	0.306755
5000	0.583871
